    1       1.2527       0.4325   8
    2       1.3472       0.2163   8
    3       1.4051      -0.0056   1
    4       1.3526      -0.2829   1
    5       1.2249      -0.5409   1
    6       1.0950      -0.7887   1
    7       0.8903      -0.9056   2
    8       0.6474      -1.0719   2
    9       0.3521      -1.1126   2
   10      -0.0129      -1.1763   3
   11      -0.3050      -1.1267   3
   12      -0.5075      -1.0604   3
   13      -0.6902      -0.9397   3
   14      -0.8410      -0.6721   4
   15      -0.9370      -0.4664   4
   16      -0.9646      -0.1299   4
   17      -0.9512       0.1365   5
   18      -0.9031       0.4502   5
   19      -0.7199       0.6864   5
   20      -0.5513       0.8338   6
   21      -0.2987       0.8607   6
   22      -0.0353       0.7556   6
   23       0.1830       0.5273   7
   24       0.3125       0.2081   8
   25       0.3312      -0.0185   1
   26       0.3766      -0.3162   1
   27       0.3585      -0.6096   2
   28       0.3360      -0.8185   2
   29       0.2295      -0.9098   2
   30       0.1091      -0.9885   2
   31      -0.1093      -0.8378   3
   32      -0.3047      -0.6678   3
   33      -0.3878      -0.3737   4
   34      -0.4311      -0.1347   4
   35      -0.4363      -0.0113   4
   36      -0.3671       0.0926   5
   37      -0.2303       0.1674   5
   38      -0.1015       0.0502   5
   39      -0.0196      -0.1761   3
   40      -0.0356      -0.2762   3
   41       0.0225      -0.4760   2
   42       0.0516      -0.7285   2
   43       0.0730      -0.9427   2
   44      -0.0781      -1.1265   3
   45      -0.3395      -1.3060   3
   46      -0.7252      -1.2937   3
   47      -1.1292      -1.1421   3
   48      -1.4319      -0.8531   4
   49      -1.6832      -0.5833   4
   50      -1.8405      -0.2630   4
   51      -1.9342       0.1545   5
   52      -1.8941       0.6637   5
   53      -1.7187       0.9344   5
   54      -1.5282       1.1497   5
   55      -1.3308       1.3078   5
   56      -1.0480       1.4402   6
   57      -0.7246       1.5207   6
   58      -0.4026       1.5186   6
   59      -0.1568       1.3871   6
   60       0.0208       1.1586   7
   61       0.1148       0.9439   7
   62       0.1139       0.7422   7
   63       0.1192       0.5943   7
   64       0.1582       0.4525   7
   65       0.1508       0.3077   7
   66       0.0743       0.2088   7
   67       0.0104       0.2033   7
   68      -0.0111       0.1435   6
   69      -0.0473       0.0506   6
   70      -0.0704      -0.0399   4
   71      -0.1410      -0.1618   3
   72      -0.2263      -0.2630   3
   73      -0.3497      -0.2261   4
   74      -0.4303      -0.1986   4
   75      -0.4586      -0.2065   4
   76      -0.5316      -0.2290   4
   77      -0.6446      -0.2743   4
   78      -0.7721      -0.2517   4
   79      -0.7961      -0.1168   4
   80      -0.8471       0.0298   5
   81      -0.9189       0.2626   5
   82      -0.9997       0.5964   5
   83      -0.9640       0.9704   6
   84      -0.7927       1.3121   6
   85      -0.5004       1.5381   6
   86      -0.1422       1.7247   6
   87       0.2484       1.7402   7
   88       0.6147       1.7945   7
   89       1.0116       1.7260   7
   90       1.3775       1.5907   7
   91       1.7529       1.3924   8
   92       2.0128       1.0164   8
   93       2.1677       0.5266   8
   94       2.1955      -0.0130   1
   95       2.1428      -0.4561   1
   96       1.9870      -0.8026   1
   97       1.7479      -1.0417   1
   98       1.5332      -1.1649   1
   99       1.2836      -1.1990   1
  100       1.0575      -1.3166   2
  101       0.8012      -1.2569   2
  102       0.6097      -1.2004   2
  103       0.4060      -1.0974   2
  104       0.2168      -1.0631   2
  105      -0.0124      -1.0107   3
  106      -0.1894      -0.9075   3
  107      -0.3924      -0.8609   3
  108      -0.5855      -0.8341   3
  109      -0.7015      -0.8903   3
  110      -0.8453      -0.8153   4
  111      -0.9582      -0.7121   4
  112      -1.1304      -0.4905   4
  113      -1.2268      -0.2054   4
  114      -1.2907       0.1440   5
  115      -1.3059       0.3880   5
  116      -1.3176       0.7068   5
  117      -1.2106       1.0328   5
  118      -1.0408       1.2079   6
  119      -0.7840       1.2802   6
  120      -0.5477       1.2464   6
  121      -0.3378       1.2446   6
  122      -0.1869       1.2292   6
  123      -0.0709       1.2477   6
  124       0.1075       1.2649   7
  125       0.2665       1.2676   7
  126       0.4226       1.2009   7
  127       0.5081       1.0791   7
  128       0.5557       0.9513   7
  129       0.5909       0.9259   7
  130       0.6256       0.8440   7
  131       0.6317       0.9264   7
  132       0.7217       0.8724   7
  133       0.7979       0.7672   8
  134       0.8738       0.6623   8
  135       0.9308       0.6878   8
  136       0.9793       0.7383   8
  137       1.0361       0.8442   8
  138       1.1189       0.8952   8
  139       1.1591       0.9006   8
  140       1.1528       0.8504   8
  141       1.1668       0.7827   8
  142       1.2241       0.6378   8
  143       1.3085       0.4015   8
  144       1.3467       0.1944   8
  145       1.3958      -0.0930   1
  146       1.3739      -0.3001   1
  147       1.3423      -0.6006   1
  148       1.2226      -0.9465   1
  149       1.0273      -1.2861   2
  150       0.7917      -1.3875   2
  151       0.5603      -1.4695   2
  152       0.3416      -1.4274   2
  153       0.1340      -1.4053   2
  154      -0.1498      -1.3554   3
  155      -0.4668      -1.2136   3
  156      -0.6656      -0.9483   3
  157      -0.7519      -0.6283   4
  158      -0.6935      -0.3892   4
  159      -0.6805      -0.1714   4
  160      -0.5877      -0.0972   4
  161      -0.5148      -0.1326   4
  162      -0.5141      -0.1724   4
  163      -0.5446      -0.2547   4
  164      -0.5985      -0.4073   4
  165      -0.5748      -0.4002   4
  166      -0.5539      -0.3969   4
  167      -0.4820      -0.3867   4
  168      -0.4915      -0.3661   4
  169      -0.6208      -0.2307   4
  170      -0.7325      -0.1072   4
  171      -0.7416       0.0802   5
  172      -0.7088       0.3609   5
  173      -0.5975       0.5312   5
  174      -0.5466       0.7404   6
  175      -0.4275       0.7772   6
  176      -0.3286       0.8085   6
  177      -0.2275       0.7742   6
  178      -0.1373       0.7804   6
  179      -0.0038       0.7482   6
  180       0.1548       0.6921   7
  181       0.2880       0.5967   7
  182       0.3973       0.4189   7
  183       0.4159       0.1974   8
  184       0.2646      -0.0135   1
