    1       1.0212       0.5691   8
    2       1.1376       0.5927   8
    3       1.3198       0.5970   8
    4       1.5481       0.6268   8
    5       1.7232       0.5928   8
    6       1.9445       0.5316   8
    7       2.0724       0.3124   8
    8       2.1084       0.0002   8
    9       2.1101      -0.4588   1
   10       2.0342      -0.9200   1
   11       1.8431      -1.3794   1
   12       1.6059      -1.7254   2
   13       1.3258      -2.0639   2
   14       0.9138      -2.2807   2
   15       0.4944      -2.3751   2
   16       0.0249      -2.2894   2
   17      -0.3420      -2.1451   3
   18      -0.6329      -1.9180   3
   19      -0.8903      -1.5416   3
   20      -1.1110      -1.0709   4
   21      -1.2450      -0.6606   4
   22      -1.3523      -0.2925   4
   23      -1.3751      -0.0397   4
   24      -1.3099       0.1665   5
   25      -1.1985       0.3493   5
   26      -1.1353       0.4190   5
   27      -1.0913       0.5111   5
   28      -0.9593       0.5416   5
   29      -0.8499       0.5206   5
   30      -0.7318       0.5126   5
   31      -0.6662       0.4755   5
   32      -0.5769       0.5114   5
   33      -0.4771       0.5000   6
   34      -0.4563       0.6483   6
   35      -0.4220       0.8256   6
   36      -0.3201       0.9692   6
   37      -0.1276       1.1584   6
   38       0.0432       1.3506   7
   39       0.2946       1.5055   7
   40       0.5893       1.6543   7
   41       0.8532       1.5715   7
   42       1.1408       1.4093   7
   43       1.4052       1.1028   8
   44       1.6343       0.6865   8
   45       1.7894       0.1826   8
   46       1.8535      -0.3697   1
   47       1.7681      -0.8486   1
   48       1.5821      -1.3472   1
   49       1.3835      -1.6197   2
   50       1.1272      -1.7986   2
   51       0.7912      -1.9477   2
   52       0.4040      -1.9533   2
   53      -0.0066      -1.8161   3
   54      -0.3638      -1.5610   3
   55      -0.7242      -1.2433   3
   56      -0.9984      -0.9467   4
   57      -1.1720      -0.5750   4
   58      -1.2575      -0.2629   4
   59      -1.2478       0.0252   5
   60      -1.1499       0.3261   5
   61      -1.0416       0.6931   5
   62      -0.9310       0.8790   5
   63      -0.8312       1.0542   6
   64      -0.6694       1.2974   6
   65      -0.4912       1.5045   6
   66      -0.2651       1.6051   6
   67      -0.0400       1.5897   6
   68       0.1608       1.5830   7
   69       0.3285       1.5314   7
   70       0.4470       1.3988   7
   71       0.5666       1.3106   7
   72       0.6939       1.1461   7
   73       0.7917       0.9713   7
   74       0.7976       0.8245   7
   75       0.7596       0.7387   8
   76       0.6665       0.7660   7
   77       0.6213       0.5924   8
   78       0.5179       0.4403   8
   79       0.3751       0.2679   8
   80       0.2073       0.0966   8
   81       0.0202       0.0511   7
   82      -0.1673       0.0234   5
   83      -0.3319       0.0353   5
   84      -0.4574       0.0604   5
   85      -0.5504       0.1493   5
   86      -0.6002       0.3774   5
   87      -0.6062       0.6434   6
   88      -0.5506       0.8980   6
   89      -0.4344       1.2092   6
   90      -0.2674       1.4758   6
   91      -0.0373       1.7035   6
   92       0.3663       1.9596   7
   93       0.8339       2.0120   7
   94       1.2358       1.8282   7
   95       1.5713       1.4840   8
   96       1.8027       1.0525   8
   97       1.9764       0.5139   8
   98       2.0163      -0.1481   1
   99       1.9107      -0.7733   1
  100       1.7299      -1.2972   1
  101       1.3912      -1.7088   2
  102       0.9554      -1.9777   2
  103       0.5093      -2.1501   2
  104       0.0414      -2.1740   2
  105      -0.4592      -2.0218   3
  106      -0.8746      -1.7626   3
  107      -1.1785      -1.2806   3
  108      -1.3547      -0.8620   4
  109      -1.4583      -0.5214   4
  110      -1.5555      -0.2335   4
  111      -1.5806       0.0603   5
  112      -1.5391       0.3585   5
  113      -1.4155       0.5046   5
  114      -1.3191       0.6505   5
  115      -1.2156       0.8638   5
  116      -1.1111       1.0401   5
  117      -0.9508       1.0972   6
  118      -0.7668       1.2625   6
  119      -0.5360       1.2672   6
  120      -0.3692       1.2267   6
  121      -0.2526       1.1328   6
  122      -0.1289       0.9908   6
  123      -0.0249       0.8533   6
  124       0.0743       0.7075   7
  125       0.0589       0.6021   7
  126       0.0016       0.4823   7
  127      -0.0929       0.4713   6
  128      -0.0765       0.3647   6
  129      -0.1251       0.3750   6
  130      -0.1932       0.3752   6
  131      -0.2786       0.4609   6
  132      -0.3088       0.5113   6
  133      -0.3717       0.6486   6
  134      -0.3575       0.7219   6
  135      -0.3161       0.7256   6
  136      -0.2986       0.6995   6
  137      -0.2676       0.6839   6
  138      -0.2376       0.6837   6
  139      -0.1657       0.6650   6
  140      -0.1444       0.6697   6
  141      -0.1210       0.5604   6
  142      -0.1424       0.4931   6
  143      -0.1068       0.3846   6
  144      -0.1389       0.4343   6
  145      -0.1274       0.4866   6
  146      -0.1383       0.5224   6
  147      -0.1326       0.5940   6
  148      -0.0918       0.5818   6
  149      -0.1009       0.6402   6
  150      -0.1087       0.7248   6
  151      -0.1202       0.7387   6
  152      -0.0983       0.8500   6
  153      -0.0013       0.9109   6
  154       0.1218       1.0440   7
  155       0.2923       1.0957   7
  156       0.4652       1.1885   7
  157       0.7247       1.2420   7
  158       0.9724       1.3159   7
  159       1.2544       1.3353   7
  160       1.5180       1.3112   8
  161       1.8292       1.0848   8
  162       2.0676       0.7362   8
  163       2.1969       0.2880   8
  164       2.1620      -0.1754   1
  165       2.0704      -0.6484   1
  166       1.9092      -1.2383   1
  167       1.5783      -1.6643   2
  168       1.2535      -1.9876   2
  169       0.8687      -2.0768   2
  170       0.4473      -2.0702   2
  171       0.0363      -1.8660   2
  172      -0.2308      -1.5696   3
  173      -0.4418      -1.1945   3
  174      -0.5588      -0.8727   3
  175      -0.6075      -0.6654   3
  176      -0.5525      -0.5316   4
  177      -0.4962      -0.5014   3
  178      -0.5213      -0.4299   4
  179      -0.5601      -0.2965   4
  180      -0.5803      -0.0658   4
  181      -0.5372       0.0540   5
  182      -0.4999       0.1935   5
  183      -0.4006       0.2699   5
  184      -0.2589       0.3831   6
