    1      -0.9132      -1.1871   3
    2      -1.1072      -1.0944   4
    3      -1.2726      -0.8417   4
    4      -1.3061      -0.6528   4
    5      -1.2754      -0.5764   4
    6      -1.2731      -0.4089   4
    7      -1.1005      -0.3583   4
    8      -0.8913      -0.2924   4
    9      -0.8024      -0.2385   4
   10      -0.7564      -0.1610   4
   11      -0.7383      -0.1961   4
   12      -0.7711      -0.0362   4
   13      -0.7130       0.2124   5
   14      -0.6615       0.4890   5
   15      -0.5687       0.5627   5
   16      -0.5279       0.5718   6
   17      -0.5214       0.6022   6
   18      -0.5418       0.6849   6
   19      -0.5395       0.7032   6
   20      -0.4739       0.8207   6
   21      -0.3514       0.9808   6
   22      -0.2090       1.1566   6
   23      -0.0310       1.2919   6
   24       0.1499       1.3663   7
   25       0.3425       1.4607   7
   26       0.5710       1.4345   7
   27       0.8101       1.4412   7
   28       1.0139       1.2899   7
   29       1.1865       1.0381   8
   30       1.2634       0.6802   8
   31       1.3280       0.2814   8
   32       1.3543      -0.0915   1
   33       1.3133      -0.4829   1
   34       1.2076      -0.7545   1
   35       1.0285      -0.9733   1
   36       0.8019      -1.1533   2
   37       0.5488      -1.2407   2
   38       0.2233      -1.2815   2
   39      -0.1022      -1.3126   3
   40      -0.3996      -1.2632   3
   41      -0.6524      -1.1236   3
   42      -0.8965      -0.9055   3
   43      -1.0516      -0.7629   4
   44      -1.1502      -0.6056   4
   45      -1.1997      -0.4549   4
   46      -1.2122      -0.2689   4
   47      -1.1953      -0.0755   4
   48      -1.1800       0.1388   5
   49      -1.1848       0.4585   5
   50      -1.1591       0.7316   5
   51      -1.0870       0.9304   5
   52      -0.9796       1.1050   6
   53      -0.8731       1.2609   6
   54      -0.7701       1.3998   6
   55      -0.6099       1.4337   6
   56      -0.4035       1.5456   6
   57      -0.1980       1.6114   6
   58       0.0298       1.6297   7
   59       0.3032       1.6185   7
   60       0.5337       1.5235   7
   61       0.7249       1.3650   7
   62       0.9067       1.1059   7
   63       1.0626       0.8120   8
   64       1.1533       0.5407   8
   65       1.2099       0.2796   8
   66       1.2539       0.0373   8
   67       1.2067      -0.1792   1
   68       1.0626      -0.3545   1
   69       0.8704      -0.3960   1
   70       0.7395      -0.4408   1
   71       0.6033      -0.4357   1
   72       0.5513      -0.3862   1
   73       0.4763      -0.3517   1
   74       0.4183      -0.3827   1
   75       0.3207      -0.5104   2
   76       0.2421      -0.6347   2
   77       0.1836      -0.8198   2
   78       0.1553      -1.0143   2
   79       0.0092      -1.1759   2
   80      -0.1570      -1.2427   3
   81      -0.3167      -1.2752   3
   82      -0.5238      -1.2539   3
   83      -0.8169      -1.1800   3
   84      -1.0438      -0.9097   4
   85      -1.0993      -0.4466   4
   86      -1.0613      -0.0700   4
   87      -0.8450       0.3173   5
   88      -0.6250       0.5375   5
   89      -0.4078       0.5348   6
   90      -0.1866       0.4315   6
   91      -0.0114       0.1742   6
   92       0.0599      -0.0838   2
   93       0.0936      -0.2358   2
   94       0.0726      -0.4399   2
   95      -0.0355      -0.6293   3
   96      -0.1680      -0.6536   3
   97      -0.2901      -0.5821   3
   98      -0.4307      -0.5496   3
   99      -0.5393      -0.3716   4
  100      -0.6222       0.0006   5
  101      -0.5900       0.3501   5
  102      -0.4886       0.6562   6
  103      -0.3361       0.7028   6
  104      -0.1503       0.6822   6
  105       0.0584       0.6697   7
  106       0.2425       0.5493   7
  107       0.3555       0.5053   7
  108       0.4598       0.4576   8
  109       0.5469       0.3794   8
  110       0.6727       0.1107   8
  111       0.7221       0.0219   8
  112       0.8014      -0.1273   1
  113       0.7840      -0.3367   1
  114       0.6891      -0.5125   1
  115       0.6180      -0.6155   1
  116       0.5317      -0.6222   2
  117       0.3601      -0.6758   2
  118       0.2493      -0.8349   2
  119       0.1600      -0.9384   2
  120      -0.0176      -0.9702   3
  121      -0.2196      -1.0627   3
  122      -0.3880      -1.0160   3
  123      -0.4624      -1.0286   3
  124      -0.5727      -1.0678   3
  125      -0.6411      -1.2422   3
  126      -0.7768      -1.3548   3
  127      -0.9302      -1.4142   3
  128      -1.1787      -1.3615   3
  129      -1.4483      -1.1626   4
  130      -1.6830      -0.8277   4
  131      -1.8294      -0.4034   4
  132      -1.9216       0.0066   5
  133      -1.8184       0.4652   5
  134      -1.4640       0.8544   5
  135      -1.1173       1.0333   5
  136      -0.7965       0.9786   6
  137      -0.4887       0.9886   6
  138      -0.2172       0.9010   6
  139       0.0580       0.7268   7
  140       0.2747       0.4909   7
  141       0.4022       0.2446   8
  142       0.4930      -0.0884   1
  143       0.4817      -0.3838   1
  144       0.3375      -0.5526   2
  145       0.1397      -0.6605   2
  146      -0.0779      -0.6299   3
  147      -0.2768      -0.4256   3
  148      -0.4004      -0.0724   4
  149      -0.3883       0.2404   5
  150      -0.2820       0.5004   6
  151      -0.1781       0.6550   6
  152      -0.0972       0.8116   6
  153      -0.0244       0.8969   6
  154       0.0576       0.9257   7
  155       0.1165       0.9818   7
  156       0.1656       1.0025   7
  157       0.2966       0.9363   7
  158       0.3738       0.8682   7
  159       0.4033       0.8063   7
  160       0.4065       0.7651   7
  161       0.4018       0.7067   7
  162       0.3927       0.6900   7
  163       0.3350       0.6949   7
  164       0.3368       0.6476   7
  165       0.3296       0.6306   7
  166       0.3080       0.6253   7
  167       0.2987       0.6314   7
  168       0.3222       0.6666   7
  169       0.3471       0.6727   7
  170       0.3670       0.6569   7
  171       0.3355       0.5146   7
  172       0.2488       0.4130   7
  173       0.1747       0.3086   7
  174       0.1002       0.3928   7
  175       0.0697       0.4691   7
  176       0.0891       0.4797   7
  177       0.1777       0.5777   7
  178       0.3278       0.5690   7
  179       0.4870       0.5803   7
  180       0.6250       0.4925   8
  181       0.7074       0.4054   8
  182       0.8047       0.2982   8
  183       0.8710       0.1747   8
  184       0.8990       0.0590   8
