    1      -1.5842       1.6777   6
    2      -1.2922       1.8939   6
    3      -0.9739       1.9373   6
    4      -0.7107       2.1026   6
    5      -0.3350       1.9520   6
    6       0.2028       1.4377   7
    7       0.3932       1.2830   7
    8       0.5724       1.2337   7
    9       0.7173       1.1252   7
   10       0.9159       1.0709   7
   11       1.1122       0.8219   8
   12       1.2540       0.5824   8
   13       1.3056       0.3992   8
   14       1.3860       0.1044   8
   15       1.2662      -0.2074   1
   16       1.1346      -0.4139   1
   17       1.0613      -0.5262   1
   18       0.9999      -0.5981   1
   19       0.8786      -0.6058   1
   20       0.7109      -0.6177   1
   21       0.5505      -0.6261   2
   22       0.4089      -0.6486   2
   23       0.2411      -0.6718   2
   24       0.0786      -0.7007   2
   25      -0.0414      -0.7110   3
   26      -0.1267      -0.8424   3
   27      -0.1953      -0.9673   3
   28      -0.3254      -1.1310   3
   29      -0.5151      -1.3105   3
   30      -0.8169      -1.4687   3
   31      -1.0033      -1.3514   3
   32      -1.1135      -1.0858   4
   33      -1.1305      -0.7758   4
   34      -1.1904      -0.5299   4
   35      -1.2909      -0.2861   4
   36      -1.3163       0.0002   5
   37      -1.2184       0.3351   5
   38      -1.0546       0.5923   5
   39      -0.9361       0.6552   5
   40      -0.7732       0.7208   5
   41      -0.6284       0.5886   5
   42      -0.4621       0.4381   5
   43      -0.3176       0.2208   5
   44      -0.3010       0.0045   5
   45      -0.3753      -0.1470   4
   46      -0.3468      -0.1344   4
   47      -0.2744      -0.1641   4
   48      -0.2535      -0.2275   4
   49      -0.2184      -0.3244   3
   50      -0.2247      -0.3975   3
   51      -0.2931      -0.4433   3
   52      -0.3340      -0.4266   3
   53      -0.3975      -0.3360   4
   54      -0.4659      -0.3702   4
   55      -0.6339      -0.3033   4
   56      -0.7802      -0.3025   4
   57      -0.8851      -0.2988   4
   58      -0.9572      -0.2973   4
   59      -1.0874      -0.2708   4
   60      -1.1801      -0.1697   4
   61      -1.2374       0.0401   5
   62      -1.1951       0.2167   5
   63      -1.1190       0.4551   5
   64      -0.9216       0.6511   5
   65      -0.7410       0.7813   6
   66      -0.5293       0.9656   6
   67      -0.2484       1.1442   6
   68       0.2201       1.1800   7
   69       0.5557       1.0628   7
   70       0.8900       0.7829   8
   71       1.1697       0.4204   8
   72       1.3566      -0.0755   1
   73       1.3185      -0.6940   1
   74       1.0925      -1.2735   2
   75       0.8819      -1.5626   2
   76       0.5771      -1.7932   2
   77       0.2203      -1.9302   2
   78      -0.1745      -1.9215   3
   79      -0.4431      -1.8668   3
   80      -0.7055      -1.8041   3
   81      -0.9374      -1.6216   3
   82      -1.1116      -1.3432   3
   83      -1.0949      -1.0758   4
   84      -1.1206      -0.9517   4
   85      -1.1201      -0.8485   4
   86      -1.1270      -0.7445   4
   87      -1.2011      -0.6710   4
   88      -1.1678      -0.6340   4
   89      -1.2933      -0.5826   4
   90      -1.4274      -0.2925   4
   91      -1.5157      -0.1054   4
   92      -1.5990       0.0770   5
   93      -1.6203       0.2369   5
   94      -1.5089       0.5062   5
   95      -1.2174       0.7594   5
   96      -0.6646       0.9656   6
   97      -0.2162       1.0555   6
   98       0.1771       1.0824   7
   99       0.4927       0.9823   7
  100       0.7733       0.8417   7
  101       1.1747       0.5980   8
  102       1.4610       0.2304   8
  103       1.7654      -0.0394   1
  104       1.8237      -0.4894   1
  105       1.7600      -0.9577   1
  106       1.6169      -1.5418   1
  107       1.3108      -1.9994   2
  108       0.9158      -2.4089   2
  109       0.4392      -2.6677   2
  110      -0.0138      -2.7739   3
  111      -0.3437      -2.6218   3
  112      -0.8053      -2.4252   3
  113      -1.3447      -2.0424   3
  114      -1.7855      -1.5607   4
  115      -2.0349      -0.8862   4
  116      -2.0054      -0.1500   4
  117      -1.8830       0.5086   5
  118      -1.6994       1.1805   5
  119      -1.2714       1.7607   6
  120      -0.7972       2.2176   6
  121      -0.2517       2.4283   6
  122       0.2678       2.5303   7
  123       0.7568       2.4248   7
  124       1.2662       2.0804   7
  125       1.6341       1.7037   7
  126       1.9013       1.2884   8
  127       2.0629       0.7918   8
  128       2.1151       0.3550   8
  129       2.1547      -0.0803   1
  130       2.1196      -0.3734   1
  131       1.9662      -0.6257   1
  132       1.7699      -0.8578   1
  133       1.5862      -0.8767   1
  134       1.5177      -0.8431   1
  135       1.4100      -0.8611   1
  136       1.2877      -0.9741   1
  137       1.1263      -1.0603   1
  138       1.0419      -1.1805   2
  139       1.0261      -1.3574   2
  140       0.8151      -1.4872   2
  141       0.5728      -1.6158   2
  142       0.3162      -1.7581   2
  143       0.0380      -1.8744   2
  144      -0.1957      -1.8982   3
  145      -0.5351      -1.7539   3
  146      -0.8687      -1.5195   3
  147      -1.1690      -1.2698   3
  148      -1.4063      -0.9681   4
  149      -1.6108      -0.7043   4
  150      -1.7689      -0.4289   4
  151      -1.9189      -0.2711   4
  152      -2.0425      -0.0693   4
  153      -2.0571       0.1773   5
  154      -1.9174       0.4319   5
  155      -1.8287       0.5379   5
  156      -1.7991       0.5893   5
  157      -1.7813       0.5936   5
  158      -1.7178       0.7008   5
  159      -1.6493       0.8957   5
  160      -1.5722       1.1231   5
  161      -1.3755       1.2232   5
  162      -1.1857       1.1990   6
  163      -1.0207       0.9367   5
  164      -0.9811       0.5523   5
  165      -1.0859       0.2425   5
  166      -1.2896       0.0248   5
  167      -1.5699       0.1070   5
  168      -1.6700       0.4067   5
  169      -1.6182       0.8403   5
  170      -1.4256       1.1906   5
  171      -1.1202       1.5175   6
  172      -0.6425       1.5659   6
  173      -0.2081       1.5781   6
  174       0.1404       1.4303   7
  175       0.4879       1.1056   7
  176       0.8697       0.5755   8
  177       1.0768      -0.0662   1
  178       1.0931      -0.8599   1
  179       0.8638      -1.6131   2
  180       0.4236      -2.1976   2
  181      -0.1347      -2.3278   3
  182      -0.8065      -2.0865   3
  183      -1.3270      -1.6292   3
  184      -1.6553      -0.9939   4
