Volcanic AOT, average of the Sbr ensemble members
Month - Volcanic AOT [dimensionless]
     1979.000       0.000
    1979.083       0.001
    1979.167       0.001
    1979.250       0.001
    1979.333       0.001
    1979.417       0.001
    1979.500       0.001
    1979.583       0.001
    1979.667       0.001
    1979.750       0.001
    1979.833       0.004
    1979.917       0.003
    1980.000       0.002
    1980.083       0.005
    1980.167       0.002
    1980.250       0.002
    1980.333       0.002
    1980.417       0.005
    1980.500       0.008
    1980.583       0.009
    1980.667       0.010
    1980.750       0.009
    1980.833       0.008
    1980.917       0.008
    1981.000       0.008
    1981.083       0.008
    1981.167       0.007
    1981.250       0.007
    1981.333       0.011
    1981.417       0.017
    1981.500       0.017
    1981.583       0.014
    1981.667       0.012
    1981.750       0.012
    1981.833       0.010
    1981.917       0.013
    1982.000       0.038
    1982.083       0.025
    1982.167       0.019
    1982.250       0.033
    1982.333       0.055
    1982.417       0.062
    1982.500       0.066
    1982.583       0.064
    1982.667       0.063
    1982.750       0.060
    1982.833       0.058
    1982.917       0.057
    1983.000       0.055
    1983.083       0.054
    1983.167       0.053
    1983.250       0.050
    1983.333       0.048
    1983.417       0.046
    1983.500       0.042
    1983.583       0.039
    1983.667       0.035
    1983.750       0.034
    1983.833       0.031
    1983.917       0.029
    1984.000       0.027
    1984.083       0.025
    1984.167       0.026
    1984.250       0.022
    1984.333       0.017
    1984.417       0.015
    1984.500       0.013
    1984.583       0.011
    1984.667       0.010
    1984.750       0.009
    1984.833       0.008
    1984.917       0.007
    1985.000       0.006
    1985.083       0.006
    1985.167       0.005
    1985.250       0.005
    1985.333       0.004
    1985.417       0.004
    1985.500       0.004
    1985.583       0.003
    1985.667       0.003
    1985.750       0.003
    1985.833       0.006
    1985.917       0.006
    1986.000       0.003
    1986.083       0.002
    1986.167       0.002
    1986.250       0.003
    1986.333       0.003
    1986.417       0.003
    1986.500       0.004
    1986.583       0.003
    1986.667       0.002
    1986.750       0.002
    1986.833       0.002
    1986.917       0.003
    1987.000       0.003
    1987.083       0.003
    1987.167       0.003
    1987.250       0.003
    1987.333       0.003
    1987.417       0.002
    1987.500       0.002
    1987.583       0.001
    1987.667       0.001
    1987.750       0.001
    1987.833       0.001
    1987.917       0.001
    1988.000       0.001
    1988.083       0.002
    1988.167       0.002
    1988.250       0.002
    1988.333       0.003
    1988.417       0.002
    1988.500       0.002
    1988.583       0.001
    1988.667       0.001
    1988.750       0.001
    1988.833       0.001
    1988.917       0.001
    1989.000       0.002
    1989.083       0.002
    1989.167       0.003
    1989.250       0.003
    1989.333       0.015
    1989.417       0.006
    1989.500       0.003
    1989.583       0.003
    1989.667       0.002
    1989.750       0.002
    1989.833       0.002
    1989.917       0.003
    1990.000       0.003
    1990.083       0.004
    1990.167       0.009
    1990.250       0.006
    1990.333       0.005
    1990.417       0.005
    1990.500       0.003
    1990.583       0.002
    1990.667       0.002
    1990.750       0.002
    1990.833       0.001
    1990.917       0.001
    1991.000       0.001
    1991.083       0.003
    1991.167       0.003
    1991.250       0.002
    1991.333       0.002
    1991.417       0.039
    1991.500       0.103
    1991.583       0.119
    1991.667       0.143
    1991.750       0.159
    1991.833       0.166
    1991.917       0.162
    1992.000       0.155
    1992.083       0.143
    1992.167       0.132
    1992.250       0.121
    1992.333       0.111
    1992.417       0.104
    1992.500       0.098
    1992.583       0.089
    1992.667       0.083
    1992.750       0.075
    1992.833       0.068
    1992.917       0.062
    1993.000       0.055
    1993.083       0.048
    1993.167       0.040
    1993.250       0.034
    1993.333       0.030
    1993.417       0.025
    1993.500       0.022
    1993.583       0.018
    1993.667       0.016
    1993.750       0.013
    1993.833       0.012
    1993.917       0.010
    1994.000       0.009
    1994.083       0.008
    1994.167       0.006
    1994.250       0.005
    1994.333       0.005
    1994.417       0.004
    1994.500       0.006
    1994.583       0.004
    1994.667       0.003
    1994.750       0.005
    1994.833       0.003
    1994.917       0.003
    1995.000       0.003
    1995.083       0.003
    1995.167       0.003
    1995.250       0.002
    1995.333       0.002
    1995.417       0.001
    1995.500       0.001
    1995.583       0.001
    1995.667       0.001
    1995.750       0.001
    1995.833       0.001
    1995.917       0.001
    1996.000       0.001
    1996.083       0.001
    1996.167       0.001
    1996.250       0.001
    1996.333       0.001
    1996.417       0.001
    1996.500       0.001
    1996.583       0.001
    1996.667       0.001
    1996.750       0.001
    1996.833       0.001
    1996.917       0.005
    1997.000       0.002
    1997.083       0.001
    1997.167       0.001
    1997.250       0.002
    1997.333       0.003
    1997.417       0.001
    1997.500       0.001
    1997.583       0.001
    1997.667       0.001
    1997.750       0.000
    1997.833       0.000
    1997.917       0.001
    1998.000       0.001
    1998.083       0.001
    1998.167       0.002
    1998.250       0.002
    1998.333       0.002
    1998.417       0.002
    1998.500       0.001
    1998.583       0.001
    1998.667       0.002
    1998.750       0.015
    1998.833       0.022
    1998.917       0.010
    1999.000       0.007
    1999.083       0.006
    1999.167       0.006
    1999.250       0.009
    1999.333       0.006
    1999.417       0.004
    1999.500       0.003
    1999.583       0.002
    1999.667       0.002
    1999.750       0.002
    1999.833       0.002
    1999.917       0.002
    2000.000       0.002
    2000.083       0.003
    2000.167       0.006
    2000.250       0.005
    2000.333       0.003
    2000.417       0.002
    2000.500       0.002
    2000.583       0.003
    2000.667       0.005
    2000.750       0.004
    2000.833       0.003
    2000.917       0.003
    2001.000       0.003
    2001.083       0.011
    2001.167       0.007
    2001.250       0.004
    2001.333       0.004
    2001.417       0.003
    2001.500       0.002
    2001.583       0.002
    2001.667       0.002
    2001.750       0.002
    2001.833       0.001
    2001.917       0.001
    2002.000       0.001
    2002.083       0.002
    2002.167       0.001
    2002.250       0.001
    2002.333       0.001
    2002.417       0.001
    2002.500       0.002
    2002.583       0.007
    2002.667       0.002
    2002.750       0.003
    2002.833       0.007
    2002.917       0.008
    2003.000       0.010
    2003.083       0.008
    2003.167       0.007
    2003.250       0.006
    2003.333       0.006
    2003.417       0.005
    2003.500       0.004
    2003.583       0.004
    2003.667       0.004
    2003.750       0.004
    2003.833       0.003
    2003.917       0.002
    2004.000       0.001
    2004.083       0.001
    2004.167       0.001
    2004.250       0.001
    2004.333       0.005
    2004.417       0.005
    2004.500       0.002
    2004.583       0.001
    2004.667       0.001
    2004.750       0.001
    2004.833       0.001
    2004.917       0.002
    2005.000       0.002
    2005.083       0.004
    2005.167       0.004
    2005.250       0.004
    2005.333       0.003
    2005.417       0.003
    2005.500       0.003
    2005.583       0.002
    2005.667       0.002
    2005.750       0.003
    2005.833       0.003
    2005.917       0.002
    2006.000       0.002
    2006.083       0.002
    2006.167       0.001
    2006.250       0.001
    2006.333       0.002
    2006.417       0.003
    2006.500       0.002
    2006.583       0.002
    2006.667       0.002
    2006.750       0.003
    2006.833       0.003
    2006.917       0.006
    2007.000       0.003
    2007.083       0.002
    2007.167       0.002
    2007.250       0.002
    2007.333       0.002
    2007.417       0.002
    2007.500       0.002
    2007.583       0.001
    2007.667       0.001
    2007.750       0.002
    2007.833       0.001
    2007.917       0.001
    2008.000       0.001
    2008.083       0.001
    2008.167       0.001
    2008.250       0.001
    2008.333       0.001
    2008.417       0.001
    2008.500       0.002
    2008.583       0.012
    2008.667       0.007
    2008.750       0.003
    2008.833       0.002
    2008.917       0.002
    2009.000       0.002
    2009.083       0.002
    2009.167       0.002
    2009.250       0.003
    2009.333       0.003
    2009.417       0.010
    2009.500       0.013
    2009.583       0.008
    2009.667       0.006
    2009.750       0.005
    2009.833       0.004
    2009.917       0.004
    2010.000       0.003
    2010.083       0.002
    2010.167       0.001
    2010.250       0.003
    2010.333       0.003
    2010.417       0.001
    2010.500       0.000
    2010.583       0.000
    2010.667       0.000
    2010.750       0.000
    2010.833       0.003
    2010.917       0.003
    2011.000       0.002
    2011.083       0.002
    2011.167       0.001
    2011.250       0.001
    2011.333       0.001
    2011.417       0.020
    2011.500       0.025
    2011.583       0.015
    2011.667       0.012
    2011.750       0.010
    2011.833       0.014
    2011.917       0.010
    2012.000       0.007
    2012.083       0.006
    2012.167       0.004
    2012.250       0.003
    2012.333       0.002
    2012.417       0.001
    2012.500       0.001
    2012.583       0.001
    2012.667       0.001
    2012.750       0.001
    2012.833       0.000
    2012.917       0.001
    2013.000       0.001
    2013.083       0.001
    2013.167       0.000
    2013.250       0.000
    2013.333       0.000
    2013.417       0.000
    2013.500       0.000
    2013.583       0.000
    2013.667       0.000
    2013.750       0.000
    2013.833       0.000
    2013.917       0.000
    2014.000       0.000
    2014.083       0.001
    2014.167       0.002
    2014.250       0.001
    2014.333       0.001
    2014.417       0.002
    2014.500       0.001
    2014.583       0.001
    2014.667       0.001
    2014.750       0.001
    2014.833       0.001
    2014.917       0.001
