Month - CO2 [ppmv]
    1951.042     310.925
    1951.125     310.953
    1951.208     310.981
    1951.292     311.009
    1951.375     311.037
    1951.458     311.069
    1951.542     311.136
    1951.625     311.172
    1951.708     311.204
    1951.792     311.236
    1951.875     311.268
    1951.958     311.300
    1952.042     311.300
    1952.125     311.332
    1952.208     311.364
    1952.292     311.396
    1952.375     311.428
    1952.458     311.464
    1952.542     311.538
    1952.625     311.576
    1952.708     311.611
    1952.792     311.645
    1952.875     311.678
    1952.958     311.712
    1953.042     311.712
    1953.125     311.746
    1953.208     311.781
    1953.292     311.814
    1953.375     311.848
    1953.458     311.887
    1953.542     311.970
    1953.625     312.015
    1953.708     312.055
    1953.792     312.095
    1953.875     312.135
    1953.958     312.175
    1954.042     312.175
    1954.125     312.215
    1954.208     312.255
    1954.292     312.295
    1954.375     312.335
    1954.458     312.380
    1954.542     312.477
    1954.625     312.528
    1954.708     312.574
    1954.792     312.620
    1954.875     312.666
    1954.958     312.712
    1955.042     312.712
    1955.125     312.758
    1955.208     312.805
    1955.292     312.850
    1955.375     312.897
    1955.458     312.948
    1955.542     313.054
    1955.625     313.108
    1955.708     313.156
    1955.792     313.204
    1955.875     313.252
    1955.958     313.300
    1956.042     313.300
    1956.125     313.348
    1956.208     313.396
    1956.292     313.444
    1956.375     313.492
    1956.458     313.546
    1956.542     313.656
    1956.625     313.713
    1956.708     313.763
    1956.792     313.812
    1956.875     313.862
    1956.958     313.913
    1957.042     313.913
    1957.125     313.963
    1957.208     314.013
    1957.292     314.062
    1957.375     314.112
    1957.458     314.169
    1957.542     314.281
    1957.625     314.337
    1957.708     314.387
    1957.792     314.437
    1957.875     314.486
    1957.958     314.536
    1958.042     314.536
    1958.125     314.586
    1958.208     314.636
    1958.292     314.686
    1958.375     314.735
    1958.458     314.791
    1958.542     314.906
    1958.625     314.965
    1958.708     315.017
    1958.792     315.069
    1958.875     315.122
    1958.958     315.174
    1959.042     315.174
    1959.125     315.226
    1959.208     315.278
    1959.292     315.330
    1959.375     315.383
    1959.458     315.441
    1959.542     315.570
    1959.625     315.639
    1959.708     315.701
    1959.792     315.763
    1959.875     315.824
    1959.958     315.886
    1960.042     315.886
    1960.125     315.948
    1960.208     316.010
    1960.292     316.072
    1960.375     316.133
    1960.458     316.203
    1960.542     316.345
    1960.625     316.417
    1960.708     316.481
    1960.792     316.545
    1960.875     316.610
    1960.958     316.674
    1961.042     316.674
    1961.125     316.738
    1961.208     316.802
    1961.292     316.866
    1961.375     316.931
    1961.458     317.003
    1961.542     317.140
    1961.625     317.205
    1961.708     317.262
    1961.792     317.320
    1961.875     317.377
    1961.958     317.435
    1962.042     317.435
    1962.125     317.493
    1962.208     317.550
    1962.292     317.608
    1962.375     317.665
    1962.458     317.730
    1962.542     317.849
    1962.625     317.903
    1962.708     317.952
    1962.792     318.000
    1962.875     318.048
    1962.958     318.096
    1963.042     318.096
    1963.125     318.144
    1963.208     318.193
    1963.292     318.241
    1963.375     318.289
    1963.458     318.343
    1963.542     318.445
    1963.625     318.492
    1963.708     318.535
    1963.792     318.577
    1963.875     318.619
    1963.958     318.661
    1964.042     318.661
    1964.125     318.703
    1964.208     318.746
    1964.292     318.788
    1964.375     318.830
    1964.458     318.878
    1964.542     318.990
    1964.625     319.055
    1964.708     319.113
    1964.792     319.171
    1964.875     319.228
    1964.958     319.286
    1965.042     319.286
    1965.125     319.344
    1965.208     319.402
    1965.292     319.460
    1965.375     319.517
    1965.458     319.582
    1965.542     319.737
    1965.625     319.827
    1965.708     319.908
    1965.792     319.987
    1965.875     320.067
    1965.958     320.147
    1966.042     320.147
    1966.125     320.227
    1966.208     320.307
    1966.292     320.387
    1966.375     320.467
    1966.458     320.557
    1966.542     320.734
    1966.625     320.820
    1966.708     320.896
    1966.792     320.973
    1966.875     321.050
    1966.958     321.126
    1967.042     321.126
    1967.125     321.203
    1967.208     321.279
    1967.292     321.356
    1967.375     321.433
    1967.458     321.519
    1967.542     321.698
    1967.625     321.790
    1967.708     321.873
    1967.792     321.955
    1967.875     322.038
    1967.958     322.120
    1968.042     322.120
    1968.125     322.202
    1968.208     322.285
    1968.292     322.367
    1968.375     322.450
    1968.458     322.542
    1968.542     322.749
    1968.625     322.863
    1968.708     322.965
    1968.792     323.066
    1968.875     323.167
    1968.958     323.269
    1969.042     323.269
    1969.125     323.370
    1969.208     323.472
    1969.292     323.573
    1969.375     323.674
    1969.458     323.788
    1969.542     324.000
    1969.625     324.097
    1969.708     324.184
    1969.792     324.271
    1969.875     324.357
    1969.958     324.444
    1970.042     324.444
    1970.125     324.530
    1970.208     324.617
    1970.292     324.704
    1970.375     324.790
    1970.458     324.888
    1970.542     325.063
    1970.625     325.142
    1970.708     325.211
    1970.792     325.281
    1970.875     325.350
    1970.958     325.420
    1971.042     325.420
    1971.125     325.490
    1971.208     325.559
    1971.292     325.629
    1971.375     325.698
    1971.458     325.777
    1971.542     325.971
    1971.625     326.086
    1971.708     326.189
    1971.792     326.292
    1971.875     326.395
    1971.958     326.497
    1972.042     326.497
    1972.125     326.600
    1972.208     326.703
    1972.292     326.806
    1972.375     326.909
    1972.458     327.024
    1972.542     327.278
    1972.625     327.417
    1972.708     327.540
    1972.792     327.663
    1972.875     327.786
    1972.958     327.909
    1973.042     327.909
    1973.125     328.032
    1973.208     328.155
    1973.292     328.278
    1973.375     328.401
    1973.458     328.539
    1973.542     328.773
    1973.625     328.869
    1973.708     328.954
    1973.792     329.040
    1973.875     329.125
    1973.958     329.210
    1974.042     329.210
    1974.125     329.295
    1974.208     329.380
    1974.292     329.466
    1974.375     329.551
    1974.458     329.647
    1974.542     329.818
    1974.625     329.894
    1974.708     329.962
    1974.792     330.029
    1974.875     330.096
    1974.958     330.164
    1975.042     330.164
    1975.125     330.231
    1975.208     330.299
    1975.292     330.366
    1975.375     330.433
    1975.458     330.509
    1975.542     330.690
    1975.625     330.794
    1975.708     330.887
    1975.792     330.980
    1975.875     331.073
    1975.958     331.166
    1976.042     331.166
    1976.125     331.259
    1976.208     331.352
    1976.292     331.445
    1976.375     331.538
    1976.458     331.643
    1976.542     331.885
    1976.625     332.022
    1976.708     332.144
    1976.792     332.266
    1976.875     332.388
    1976.958     332.510
    1977.042     332.510
    1977.125     332.632
    1977.208     332.754
    1977.292     332.876
    1977.375     332.998
    1977.458     333.135
    1977.542     333.414
    1977.625     333.556
    1977.708     333.682
    1977.792     333.808
    1977.875     333.934
    1977.958     334.060
    1978.042     334.060
    1978.125     334.186
    1978.208     334.312
    1978.292     334.438
    1978.375     334.564
    1978.458     334.706
    1978.542     334.999
    1978.625     335.149
    1978.708     335.284
    1978.792     335.418
    1978.875     335.552
    1978.958     335.686
    1979.042     335.686
    1979.125     335.820
    1979.208     335.955
    1979.292     336.089
    1979.375     336.223
    1979.458     336.374
    1979.542     336.690
    1979.625     336.855
    1979.708     337.002
    1979.792     337.149
    1979.875     337.296
    1979.958     337.443
    1980.042     337.443
    1980.125     337.589
    1980.208     337.736
    1980.292     337.883
    1980.375     338.030
    1980.458     338.195
    1980.542     338.483
    1980.625     338.606
    1980.708     338.716
    1980.792     338.825
    1980.875     338.934
    1980.958     339.044
    1981.042     339.044
    1981.125     339.153
    1981.208     339.263
    1981.292     339.372
    1981.375     339.481
    1981.458     339.604
    1981.542     339.823
    1981.625     339.919
    1981.708     340.004
    1981.792     340.090
    1981.875     340.175
    1981.958     340.260
    1982.042     340.260
    1982.125     340.345
    1982.208     340.430
    1982.292     340.516
    1982.375     340.601
    1982.458     340.697
    1982.542     340.919
    1982.625     341.045
    1982.708     341.158
    1982.792     341.270
    1982.875     341.383
    1982.958     341.495
    1983.042     341.495
    1983.125     341.607
    1983.208     341.720
    1983.292     341.832
    1983.375     341.945
    1983.458     342.071
    1983.542     342.340
    1983.625     342.483
    1983.708     342.610
    1983.792     342.736
    1983.875     342.863
    1983.958     342.990
    1984.042     342.990
    1984.125     343.117
    1984.208     343.244
    1984.292     343.370
    1984.375     343.497
    1984.458     343.640
    1984.542     343.918
    1984.625     344.052
    1984.708     344.172
    1984.792     344.293
    1984.875     344.412
    1984.958     344.533
    1985.042     344.533
    1985.125     344.652
    1985.208     344.773
    1985.292     344.892
    1985.375     345.013
    1985.458     345.148
    1985.542     345.419
    1985.625     345.555
    1985.708     345.676
    1985.792     345.798
    1985.875     345.919
    1985.958     346.040
    1986.042     346.040
    1986.125     346.161
    1986.208     346.282
    1986.292     346.404
    1986.375     346.525
    1986.458     346.661
    1986.542     346.964
    1986.625     347.130
    1986.708     347.278
    1986.792     347.426
    1986.875     347.573
    1986.958     347.721
    1987.042     347.721
    1987.125     347.869
    1987.208     348.017
    1987.292     348.165
    1987.375     348.312
    1987.458     348.479
    1987.542     348.833
    1987.625     349.022
    1987.708     349.189
    1987.792     349.356
    1987.875     349.524
    1987.958     349.691
    1988.042     349.691
    1988.125     349.859
    1988.208     350.026
    1988.292     350.193
    1988.375     350.361
    1988.458     350.549
    1988.542     350.895
    1988.625     351.052
    1988.708     351.193
    1988.792     351.333
    1988.875     351.472
    1988.958     351.612
    1989.042     351.612
    1989.125     351.752
    1989.208     351.893
    1989.292     352.033
    1989.375     352.172
    1989.458     352.330
    1989.542     352.611
    1989.625     352.734
    1989.708     352.843
    1989.792     352.952
    1989.875     353.062
    1989.958     353.171
    1990.042     353.171
    1990.125     353.281
    1990.208     353.390
    1990.292     353.499
    1990.375     353.609
    1990.458     353.732
    1990.542     353.960
    1990.625     354.064
    1990.708     354.157
    1990.792     354.250
    1990.875     354.343
    1990.958     354.436
    1991.042     354.436
    1991.125     354.529
    1991.208     354.622
    1991.292     354.715
    1991.375     354.808
    1991.458     354.913
    1991.542     355.096
    1991.625     355.174
    1991.708     355.243
    1991.792     355.312
    1991.875     355.382
    1991.958     355.451
    1992.042     355.451
    1992.125     355.521
    1992.208     355.590
    1992.292     355.659
    1992.375     355.729
    1992.458     355.807
    1992.542     355.965
    1992.625     356.046
    1992.708     356.117
    1992.792     356.188
    1992.875     356.260
    1992.958     356.331
    1993.042     356.331
    1993.125     356.403
    1993.208     356.474
    1993.292     356.545
    1993.375     356.617
    1993.458     356.697
    1993.542     356.899
    1993.625     357.021
    1993.708     357.128
    1993.792     357.237
    1993.875     357.344
    1993.958     357.453
    1994.042     357.453
    1994.125     357.560
    1994.208     357.669
    1994.292     357.776
    1994.375     357.885
    1994.458     358.006
    1994.542     358.281
    1994.625     358.435
    1994.708     358.572
    1994.792     358.709
    1994.875     358.846
    1994.958     358.982
    1995.042     358.982
    1995.125     359.119
    1995.208     359.256
    1995.292     359.393
    1995.375     359.530
    1995.458     359.684
    1995.542     359.984
    1995.625     360.130
    1995.708     360.260
    1995.792     360.390
    1995.875     360.520
    1995.958     360.650
    1996.042     360.650
    1996.125     360.780
    1996.208     360.910
    1996.292     361.040
    1996.375     361.170
    1996.458     361.316
    1996.542     361.615
    1996.625     361.767
    1996.708     361.903
    1996.792     362.038
    1996.875     362.173
    1996.958     362.309
    1997.042     362.309
    1997.125     362.444
    1997.208     362.580
    1997.292     362.715
    1997.375     362.850
    1997.458     363.003
    1997.542     363.350
    1997.625     363.545
    1997.708     363.719
    1997.792     363.892
    1997.875     364.065
    1997.958     364.239
    1998.042     364.239
    1998.125     364.412
    1998.208     364.586
    1998.292     364.759
    1998.375     364.932
    1998.458     365.127
    1998.542     365.505
    1998.625     365.687
    1998.708     365.849
    1998.792     366.011
    1998.875     366.173
    1998.958     366.335
    1999.042     366.335
    1999.125     366.497
    1999.208     366.659
    1999.292     366.821
    1999.375     366.983
    1999.458     367.165
    1999.542     367.484
    1999.625     367.621
    1999.708     367.742
    1999.792     367.863
    1999.875     367.985
    1999.958     368.106
    2000.042     368.106
    2000.125     368.228
    2000.208     368.349
    2000.292     368.470
    2000.375     368.592
    2000.458     368.728
    2000.542     369.009
    2000.625     369.153
    2000.708     369.282
    2000.792     369.410
    2000.875     369.538
    2000.958     369.666
    2001.042     369.666
    2001.125     369.794
    2001.208     369.923
    2001.292     370.051
    2001.375     370.179
    2001.458     370.323
    2001.542     370.652
    2001.625     370.837
    2001.708     371.002
    2001.792     371.166
    2001.875     371.331
    2001.958     371.495
    2002.042     371.495
    2002.125     371.659
    2002.208     371.824
    2002.292     371.988
    2002.375     372.153
    2002.458     372.338
    2002.542     372.724
    2002.625     372.925
    2002.708     373.104
    2002.792     373.283
    2002.875     373.462
    2002.958     373.641
    2003.042     373.641
    2003.125     373.820
    2003.208     373.999
    2003.292     374.178
    2003.375     374.357
    2003.458     374.559
    2003.542     374.945
    2003.625     375.129
    2003.708     375.294
    2003.792     375.458
    2003.875     375.622
    2003.958     375.786
    2004.042     375.786
    2004.125     375.950
    2004.208     376.115
    2004.292     376.279
    2004.375     376.443
    2004.458     376.628
    2004.542     376.993
    2004.625     377.172
    2004.708     377.332
    2004.792     377.492
    2004.875     377.652
    2004.958     377.812
    2005.042     377.812
    2005.125     377.972
    2005.208     378.133
    2005.292     378.293
    2005.375     378.453
    2005.458     378.633
    2005.542     378.994
    2005.625     379.175
    2005.708     379.336
    2005.792     379.498
    2005.875     379.659
    2005.958     379.820
    2006.042     379.820
    2006.125     379.981
    2006.208     380.142
    2006.292     380.304
    2006.375     380.465
    2006.458     380.646
    2006.542     381.003
    2006.625     381.179
    2006.708     381.335
    2006.792     381.491
    2006.875     381.646
    2006.958     381.802
    2007.042     381.802
    2007.125     381.958
    2007.208     382.115
    2007.292     382.271
    2007.375     382.426
    2007.458     382.602
    2007.542     382.960
    2007.625     383.142
    2007.708     383.303
    2007.792     383.465
    2007.875     383.627
    2007.958     383.789
    2008.042     383.789
    2008.125     383.951
    2008.208     384.112
    2008.292     384.274
    2008.375     384.436
    2008.458     384.618
    2008.542     384.994
    2008.625     385.187
    2008.708     385.359
    2008.792     385.532
    2008.875     385.704
    2008.958     385.876
    2009.042     385.876
    2009.125     386.048
    2009.208     386.220
    2009.292     386.392
    2009.375     386.564
    2009.458     386.758
    2009.542     387.147
    2009.625     387.343
    2009.708     387.517
    2009.792     387.692
    2009.875     387.866
    2009.958     388.040
    2010.042     388.040
    2010.125     388.214
    2010.208     388.388
    2010.292     388.562
    2010.375     388.736
    2010.458     388.932
    2010.542     389.321
    2010.625     389.514
    2010.708     389.686
    2010.792     389.857
    2010.875     390.029
    2010.958     390.201
    2011.042     390.201
    2011.125     390.372
    2011.208     390.544
    2011.292     390.716
    2011.375     390.887
    2011.458     391.080
    2011.542     391.467
    2011.625     391.660
    2011.708     391.832
    2011.792     392.004
    2011.875     392.176
    2011.958     392.347
    2012.042     392.347
    2012.125     392.519
    2012.208     392.691
    2012.292     392.863
    2012.375     393.035
    2012.458     393.228
    2012.542     393.616
    2012.625     393.810
    2012.708     393.983
    2012.792     394.156
    2012.875     394.329
    2012.958     394.502
    2013.042     394.502
    2013.125     394.675
    2013.208     394.848
    2013.292     395.021
    2013.375     395.194
    2013.458     395.388
    2013.542     395.779
    2013.625     395.975
    2013.708     396.150
    2013.792     396.324
    2013.875     396.499
    2013.958     396.673
    2014.042     396.673
    2014.125     396.848
    2014.208     397.022
    2014.292     397.197
    2014.375     397.371
    2014.458     397.568
    2014.542     397.962
    2014.625     398.160
    2014.708     398.337
    2014.792     398.513
    2014.875     398.689
    2014.958     398.865
    2015.042     398.865
    2015.125     399.041
    2015.208     399.218
    2015.292     399.394
    2015.375     399.570
    2015.458     399.768
    2015.542     400.166
    2015.625     400.366
    2015.708     400.543
    2015.792     400.720
    2015.875     400.898
    2015.958     401.075
    2016.042     401.075
    2016.125     401.253
    2016.208     401.430
    2016.292     401.608
    2016.375     401.785
    2016.458     401.985
    2016.542     402.385
    2016.625     402.585
    2016.708     402.763
    2016.792     402.941
    2016.875     403.119
    2016.958     403.298
    2017.042     403.298
    2017.125     403.476
    2017.208     403.654
    2017.292     403.832
    2017.375     404.010
    2017.458     404.210
    2017.542     404.612
    2017.625     404.813
    2017.708     404.991
    2017.792     405.170
    2017.875     405.348
    2017.958     405.527
    2018.042     405.527
    2018.125     405.705
    2018.208     405.884
    2018.292     406.063
    2018.375     406.241
    2018.458     406.442
    2018.542     406.844
    2018.625     407.046
    2018.708     407.225
    2018.792     407.404
    2018.875     407.583
    2018.958     407.762
    2019.042     407.762
    2019.125     407.941
    2019.208     408.121
    2019.292     408.300
    2019.375     408.479
    2019.458     408.680
    2019.542     409.084
    2019.625     409.286
    2019.708     409.466
    2019.792     409.646
    2019.875     409.825
    2019.958     410.005
    2020.042     410.005
    2020.125     410.185
    2020.208     410.365
    2020.292     410.544
    2020.375     410.724
    2020.458     410.926
    2020.542     411.331
    2020.625     411.534
    2020.708     411.714
    2020.792     411.893
    2020.875     412.073
    2020.958     412.253
    2021.042     412.253
    2021.125     412.433
    2021.208     412.613
    2021.292     412.793
    2021.375     412.973
    2021.458     413.176
    2021.542     413.582
    2021.625     413.785
    2021.708     413.966
    2021.792     414.147
    2021.875     414.328
    2021.958     414.509
    2022.042     414.509
    2022.125     414.690
    2022.208     414.871
    2022.292     415.051
    2022.375     415.232
    2022.458     415.436
    2022.542     415.846
    2022.625     416.053
    2022.708     416.236
    2022.792     416.420
    2022.875     416.604
    2022.958     416.787
    2023.042     416.787
    2023.125     416.971
    2023.208     417.155
    2023.292     417.339
    2023.375     417.522
    2023.458     417.729
    2023.542     418.146
    2023.625     418.356
    2023.708     418.544
    2023.792     418.731
    2023.875     418.918
    2023.958     419.105
    2024.042     419.105
    2024.125     419.292
    2024.208     419.479
    2024.292     419.666
    2024.375     419.853
    2024.458     420.064
    2024.542     420.488
    2024.625     420.703
    2024.708     420.893
    2024.792     421.084
    2024.875     421.274
    2024.958     421.465
    2025.042     421.465
    2025.125     421.656
    2025.208     421.846
    2025.292     422.037
    2025.375     422.227
    2025.458     422.442
    2025.542     422.874
    2025.625     423.092
    2025.708     423.286
    2025.792     423.480
    2025.875     423.674
    2025.958     423.868
    2026.042     423.868
    2026.125     424.062
    2026.208     424.256
    2026.292     424.450
    2026.375     424.644
    2026.458     424.862
    2026.542     425.301
    2026.625     425.522
    2026.708     425.719
    2026.792     425.916
    2026.875     426.112
    2026.958     426.309
    2027.042     426.309
    2027.125     426.505
    2027.208     426.702
    2027.292     426.899
    2027.375     427.095
    2027.458     427.317
    2027.542     427.761
    2027.625     427.985
    2027.708     428.183
    2027.792     428.382
    2027.875     428.581
    2027.958     428.779
    2028.042     428.779
    2028.125     428.978
    2028.208     429.176
    2028.292     429.375
    2028.375     429.574
    2028.458     429.797
    2028.542     430.246
    2028.625     430.471
    2028.708     430.671
    2028.792     430.872
    2028.875     431.072
    2028.958     431.272
    2029.042     431.272
    2029.125     431.472
    2029.208     431.672
    2029.292     431.873
    2029.375     432.073
    2029.458     432.298
    2029.542     432.750
    2029.625     432.977
    2029.708     433.179
    2029.792     433.381
    2029.875     433.583
    2029.958     433.785
    2030.042     433.785
    2030.125     433.986
    2030.208     434.188
    2030.292     434.390
    2030.375     434.592
    2030.458     434.819
    2030.542     435.275
    2030.625     435.504
    2030.708     435.707
    2030.792     435.911
    2030.875     436.114
    2030.958     436.317
    2031.042     436.317
    2031.125     436.521
    2031.208     436.724
    2031.292     436.928
    2031.375     437.131
    2031.458     437.360
    2031.542     437.818
    2031.625     438.047
    2031.708     438.250
    2031.792     438.453
    2031.875     438.657
    2031.958     438.860
    2032.042     438.860
    2032.125     439.064
    2032.208     439.267
    2032.292     439.470
    2032.375     439.674
    2032.458     439.903
    2032.542     440.359
    2032.625     440.587
    2032.708     440.790
    2032.792     440.993
    2032.875     441.195
    2032.958     441.398
    2033.042     441.398
    2033.125     441.600
    2033.208     441.803
    2033.292     442.006
    2033.375     442.208
    2033.458     442.436
    2033.542     442.893
    2033.625     443.122
    2033.708     443.325
    2033.792     443.529
    2033.875     443.732
    2033.958     443.936
    2034.042     443.936
    2034.125     444.139
    2034.208     444.342
    2034.292     444.546
    2034.375     444.749
    2034.458     444.978
    2034.542     445.438
    2034.625     445.668
    2034.708     445.873
    2034.792     446.078
    2034.875     446.283
    2034.958     446.488
    2035.042     446.488
    2035.125     446.693
    2035.208     446.898
    2035.292     447.103
    2035.375     447.308
    2035.458     447.539
    2035.542     448.003
    2035.625     448.235
    2035.708     448.442
    2035.792     448.649
    2035.875     448.856
    2035.958     449.063
    2036.042     449.063
    2036.125     449.269
    2036.208     449.476
    2036.292     449.683
    2036.375     449.890
    2036.458     450.123
    2036.542     450.590
    2036.625     450.825
    2036.708     451.033
    2036.792     451.242
    2036.875     451.451
    2036.958     451.659
    2037.042     451.659
    2037.125     451.868
    2037.208     452.077
    2037.292     452.285
    2037.375     452.494
    2037.458     452.729
    2037.542     453.199
    2037.625     453.436
    2037.708     453.645
    2037.792     453.855
    2037.875     454.065
    2037.958     454.275
    2038.042     454.275
    2038.125     454.485
    2038.208     454.695
    2038.292     454.904
    2038.375     455.114
    2038.458     455.350
    2038.542     455.823
    2038.625     456.060
    2038.708     456.270
    2038.792     456.480
    2038.875     456.691
    2038.958     456.901
    2039.042     456.901
    2039.125     457.111
    2039.208     457.321
    2039.292     457.532
    2039.375     457.742
    2039.458     457.979
    2039.542     458.452
    2039.625     458.689
    2039.708     458.899
    2039.792     459.109
    2039.875     459.320
    2039.958     459.530
    2040.042     459.530
    2040.125     459.740
    2040.208     459.951
    2040.292     460.161
    2040.375     460.372
    2040.458     460.608
    2040.542     461.082
    2040.625     461.318
    2040.708     461.529
    2040.792     461.739
    2040.875     461.950
    2040.958     462.160
    2041.042     462.160
    2041.125     462.371
    2041.208     462.581
    2041.292     462.792
    2041.375     463.002
    2041.458     463.239
    2041.542     463.711
    2041.625     463.947
    2041.708     464.156
    2041.792     464.366
    2041.875     464.575
    2041.958     464.784
    2042.042     464.784
    2042.125     464.994
    2042.208     465.203
    2042.292     465.413
    2042.375     465.622
    2042.458     465.858
    2042.542     466.326
    2042.625     466.559
    2042.708     466.765
    2042.792     466.972
    2042.875     467.179
    2042.958     467.386
    2043.042     467.386
    2043.125     467.592
    2043.208     467.799
    2043.292     468.006
    2043.375     468.213
    2043.458     468.445
    2043.542     468.908
    2043.625     469.138
    2043.708     469.343
    2043.792     469.547
    2043.875     469.752
    2043.958     469.956
    2044.042     469.956
    2044.125     470.160
    2044.208     470.365
    2044.292     470.569
    2044.375     470.774
    2044.458     471.004
    2044.542     471.463
    2044.625     471.692
    2044.708     471.896
    2044.792     472.100
    2044.875     472.303
    2044.958     472.507
    2045.042     472.507
    2045.125     472.711
    2045.208     472.915
    2045.292     473.118
    2045.375     473.322
    2045.458     473.551
    2045.542     474.010
    2045.625     474.239
    2045.708     474.443
    2045.792     474.647
    2045.875     474.850
    2045.958     475.054
    2046.042     475.054
    2046.125     475.258
    2046.208     475.462
    2046.292     475.666
    2046.375     475.870
    2046.458     476.099
    2046.542     476.558
    2046.625     476.788
    2046.708     476.992
    2046.792     477.196
    2046.875     477.400
    2046.958     477.605
    2047.042     477.605
    2047.125     477.809
    2047.208     478.013
    2047.292     478.217
    2047.375     478.421
    2047.458     478.651
    2047.542     479.111
    2047.625     479.341
    2047.708     479.546
    2047.792     479.750
    2047.875     479.955
    2047.958     480.160
    2048.042     480.160
    2048.125     480.364
    2048.208     480.569
    2048.292     480.773
    2048.375     480.978
    2048.458     481.208
    2048.542     481.668
    2048.625     481.898
    2048.708     482.103
    2048.792     482.307
    2048.875     482.511
    2048.958     482.716
    2049.042     482.716
    2049.125     482.920
    2049.208     483.124
    2049.292     483.329
    2049.375     483.533
    2049.458     483.763
    2049.542     484.222
    2049.625     484.451
    2049.708     484.654
    2049.792     484.857
    2049.875     485.061
    2049.958     485.264
    2050.042     485.264
    2050.125     485.468
    2050.208     485.671
    2050.292     485.874
    2050.375     486.078
    2050.458     486.307
    2050.542     486.763
    2050.625     486.990
    2050.708     487.192
    2050.792     487.394
    2050.875     487.596
    2050.958     487.798
    2051.042     487.798
    2051.125     488.000
    2051.208     488.202
    2051.292     488.404
    2051.375     488.606
    2051.458     488.833
    2051.542     489.283
    2051.625     489.506
    2051.708     489.704
    2051.792     489.902
    2051.875     490.100
    2051.958     490.298
    2052.042     490.298
    2052.125     490.496
    2052.208     490.694
    2052.292     490.892
    2052.375     491.090
    2052.458     491.313
    2052.542     491.751
    2052.625     491.967
    2052.708     492.159
    2052.792     492.350
    2052.875     492.542
    2052.958     492.734
    2053.042     492.734
    2053.125     492.925
    2053.208     493.117
    2053.292     493.309
    2053.375     493.501
    2053.458     493.716
    2053.542     494.140
    2053.625     494.348
    2053.708     494.533
    2053.792     494.718
    2053.875     494.903
    2053.958     495.088
    2054.042     495.088
    2054.125     495.273
    2054.208     495.458
    2054.292     495.643
    2054.375     495.828
    2054.458     496.036
    2054.542     496.444
    2054.625     496.645
    2054.708     496.824
    2054.792     497.002
    2054.875     497.181
    2054.958     497.359
    2055.042     497.359
    2055.125     497.537
    2055.208     497.716
    2055.292     497.894
    2055.375     498.073
    2055.458     498.274
    2055.542     498.670
    2055.625     498.865
    2055.708     499.039
    2055.792     499.212
    2055.875     499.386
    2055.958     499.560
    2056.042     499.560
    2056.125     499.733
    2056.208     499.907
    2056.292     500.081
    2056.375     500.254
    2056.458     500.450
    2056.542     500.836
    2056.625     501.027
    2056.708     501.197
    2056.792     501.367
    2056.875     501.537
    2056.958     501.706
    2057.042     501.706
    2057.125     501.876
    2057.208     502.046
    2057.292     502.216
    2057.375     502.386
    2057.458     502.577
    2057.542     502.955
    2057.625     503.142
    2057.708     503.309
    2057.792     503.475
    2057.875     503.641
    2057.958     503.808
    2058.042     503.808
    2058.125     503.974
    2058.208     504.140
    2058.292     504.307
    2058.375     504.473
    2058.458     504.660
    2058.542     505.031
    2058.625     505.214
    2058.708     505.377
    2058.792     505.540
    2058.875     505.703
    2058.958     505.866
    2059.042     505.866
    2059.125     506.029
    2059.208     506.192
    2059.292     506.355
    2059.375     506.517
    2059.458     506.701
    2059.542     507.063
    2059.625     507.242
    2059.708     507.401
    2059.792     507.560
    2059.875     507.719
    2059.958     507.878
    2060.042     507.878
    2060.125     508.037
    2060.208     508.196
    2060.292     508.355
    2060.375     508.514
    2060.458     508.693
    2060.542     509.045
    2060.625     509.218
    2060.708     509.373
    2060.792     509.527
    2060.875     509.681
    2060.958     509.835
    2061.042     509.835
    2061.125     509.989
    2061.208     510.144
    2061.292     510.298
    2061.375     510.452
    2061.458     510.626
    2061.542     510.965
    2061.625     511.132
    2061.708     511.280
    2061.792     511.427
    2061.875     511.575
    2061.958     511.723
    2062.042     511.723
    2062.125     511.871
    2062.208     512.019
    2062.292     512.167
    2062.375     512.315
    2062.458     512.481
    2062.542     512.805
    2062.625     512.963
    2062.708     513.103
    2062.792     513.244
    2062.875     513.384
    2062.958     513.524
    2063.042     513.524
    2063.125     513.665
    2063.208     513.805
    2063.292     513.945
    2063.375     514.086
    2063.458     514.244
    2063.542     514.551
    2063.625     514.701
    2063.708     514.834
    2063.792     514.967
    2063.875     515.100
    2063.958     515.233
    2064.042     515.233
    2064.125     515.366
    2064.208     515.499
    2064.292     515.632
    2064.375     515.765
    2064.458     515.915
    2064.542     516.205
    2064.625     516.346
    2064.708     516.471
    2064.792     516.596
    2064.875     516.721
    2064.958     516.847
    2065.042     516.847
    2065.125     516.972
    2065.208     517.097
    2065.292     517.222
    2065.375     517.347
    2065.458     517.488
    2065.542     517.761
    2065.625     517.893
    2065.708     518.010
    2065.792     518.128
    2065.875     518.245
    2065.958     518.362
    2066.042     518.362
    2066.125     518.480
    2066.208     518.597
    2066.292     518.715
    2066.375     518.832
    2066.458     518.964
    2066.542     519.221
    2066.625     519.347
    2066.708     519.458
    2066.792     519.569
    2066.875     519.681
    2066.958     519.792
    2067.042     519.792
    2067.125     519.904
    2067.208     520.015
    2067.292     520.126
    2067.375     520.238
    2067.458     520.363
    2067.542     520.608
    2067.625     520.728
    2067.708     520.834
    2067.792     520.940
    2067.875     521.047
    2067.958     521.153
    2068.042     521.153
    2068.125     521.259
    2068.208     521.366
    2068.292     521.472
    2068.375     521.578
    2068.458     521.698
    2068.542     521.932
    2068.625     522.047
    2068.708     522.148
    2068.792     522.250
    2068.875     522.352
    2068.958     522.453
    2069.042     522.453
    2069.125     522.555
    2069.208     522.657
    2069.292     522.758
    2069.375     522.860
    2069.458     522.974
    2069.542     523.198
    2069.625     523.307
    2069.708     523.404
    2069.792     523.501
    2069.875     523.598
    2069.958     523.695
    2070.042     523.695
    2070.125     523.792
    2070.208     523.890
    2070.292     523.987
    2070.375     524.084
    2070.458     524.193
    2070.542     524.406
    2070.625     524.509
    2070.708     524.601
    2070.792     524.693
    2070.875     524.785
    2070.958     524.877
    2071.042     524.877
    2071.125     524.968
    2071.208     525.060
    2071.292     525.152
    2071.375     525.244
    2071.458     525.348
    2071.542     525.546
    2071.625     525.641
    2071.708     525.726
    2071.792     525.811
    2071.875     525.895
    2071.958     525.980
    2072.042     525.980
    2072.125     526.065
    2072.208     526.149
    2072.292     526.234
    2072.375     526.319
    2072.458     526.414
    2072.542     526.594
    2072.625     526.680
    2072.708     526.756
    2072.792     526.831
    2072.875     526.907
    2072.958     526.983
    2073.042     526.983
    2073.125     527.059
    2073.208     527.135
    2073.292     527.211
    2073.375     527.286
    2073.458     527.372
    2073.542     527.533
    2073.625     527.608
    2073.708     527.675
    2073.792     527.742
    2073.875     527.809
    2073.958     527.877
    2074.042     527.877
    2074.125     527.944
    2074.208     528.011
    2074.292     528.078
    2074.375     528.145
    2074.458     528.220
    2074.542     528.362
    2074.625     528.428
    2074.708     528.486
    2074.792     528.545
    2074.875     528.603
    2074.958     528.662
    2075.042     528.662
    2075.125     528.720
    2075.208     528.779
    2075.292     528.837
    2075.375     528.896
    2075.458     528.961
    2075.542     529.083
    2075.625     529.138
    2075.708     529.187
    2075.792     529.236
    2075.875     529.286
    2075.958     529.335
    2076.042     529.335
    2076.125     529.384
    2076.208     529.433
    2076.292     529.483
    2076.375     529.532
    2076.458     529.587
    2076.542     529.688
    2076.625     529.733
    2076.708     529.773
    2076.792     529.813
    2076.875     529.853
    2076.958     529.893
    2077.042     529.893
    2077.125     529.933
    2077.208     529.974
    2077.292     530.014
    2077.375     530.054
    2077.458     530.099
    2077.542     530.181
    2077.625     530.218
    2077.708     530.251
    2077.792     530.283
    2077.875     530.316
    2077.958     530.349
    2078.042     530.349
    2078.125     530.382
    2078.208     530.414
    2078.292     530.447
    2078.375     530.480
    2078.458     530.517
    2078.542     530.583
    2078.625     530.613
    2078.708     530.639
    2078.792     530.666
    2078.875     530.692
    2078.958     530.718
    2079.042     530.718
    2079.125     530.745
    2079.208     530.771
    2079.292     530.797
    2079.375     530.824
    2079.458     530.853
    2079.542     530.906
    2079.625     530.929
    2079.708     530.949
    2079.792     530.970
    2079.875     530.990
    2079.958     531.011
    2080.042     531.011
    2080.125     531.031
    2080.208     531.051
    2080.292     531.072
    2080.375     531.092
    2080.458     531.115
    2080.542     531.154
    2080.625     531.171
    2080.708     531.185
    2080.792     531.200
    2080.875     531.214
    2080.958     531.229
    2081.042     531.229
    2081.125     531.243
    2081.208     531.258
    2081.292     531.272
    2081.375     531.287
    2081.458     531.303
    2081.542     531.335
    2081.625     531.350
    2081.708     531.364
    2081.792     531.377
    2081.875     531.391
    2081.958     531.405
    2082.042     531.405
    2082.125     531.418
    2082.208     531.432
    2082.292     531.446
    2082.375     531.459
    2082.458     531.475
    2082.542     531.509
    2082.625     531.528
    2082.708     531.545
    2082.792     531.562
    2082.875     531.579
    2082.958     531.596
    2083.042     531.596
    2083.125     531.613
    2083.208     531.630
    2083.292     531.647
    2083.375     531.664
    2083.458     531.683
    2083.542     531.724
    2083.625     531.745
    2083.708     531.765
    2083.792     531.784
    2083.875     531.803
    2083.958     531.822
    2084.042     531.822
    2084.125     531.841
    2084.208     531.861
    2084.292     531.880
    2084.375     531.899
    2084.458     531.920
    2084.542     531.966
    2084.625     531.989
    2084.708     532.010
    2084.792     532.031
    2084.875     532.052
    2084.958     532.073
    2085.042     532.073
    2085.125     532.094
    2085.208     532.115
    2085.292     532.136
    2085.375     532.157
    2085.458     532.181
    2085.542     532.230
    2085.625     532.255
    2085.708     532.278
    2085.792     532.301
    2085.875     532.323
    2085.958     532.346
    2086.042     532.346
    2086.125     532.368
    2086.208     532.391
    2086.292     532.413
    2086.375     532.436
    2086.458     532.461
    2086.542     532.513
    2086.625     532.539
    2086.708     532.562
    2086.792     532.585
    2086.875     532.608
    2086.958     532.631
    2087.042     532.631
    2087.125     532.654
    2087.208     532.677
    2087.292     532.700
    2087.375     532.724
    2087.458     532.750
    2087.542     532.802
    2087.625     532.828
    2087.708     532.852
    2087.792     532.876
    2087.875     532.899
    2087.958     532.923
    2088.042     532.923
    2088.125     532.946
    2088.208     532.970
    2088.292     532.993
    2088.375     533.017
    2088.458     533.043
    2088.542     533.098
    2088.625     533.127
    2088.708     533.152
    2088.792     533.178
    2088.875     533.203
    2088.958     533.229
    2089.042     533.229
    2089.125     533.254
    2089.208     533.280
    2089.292     533.305
    2089.375     533.331
    2089.458     533.359
    2089.542     533.420
    2089.625     533.451
    2089.708     533.480
    2089.792     533.508
    2089.875     533.536
    2089.958     533.564
    2090.042     533.564
    2090.125     533.593
    2090.208     533.621
    2090.292     533.649
    2090.375     533.677
    2090.458     533.709
    2090.542     533.776
    2090.625     533.811
    2090.708     533.842
    2090.792     533.873
    2090.875     533.905
    2090.958     533.936
    2091.042     533.936
    2091.125     533.967
    2091.208     533.998
    2091.292     534.029
    2091.375     534.061
    2091.458     534.096
    2091.542     534.169
    2091.625     534.208
    2091.708     534.242
    2091.792     534.276
    2091.875     534.310
    2091.958     534.344
    2092.042     534.344
    2092.125     534.378
    2092.208     534.412
    2092.292     534.447
    2092.375     534.481
    2092.458     534.519
    2092.542     534.598
    2092.625     534.639
    2092.708     534.676
    2092.792     534.712
    2092.875     534.748
    2092.958     534.784
    2093.042     534.784
    2093.125     534.821
    2093.208     534.857
    2093.292     534.893
    2093.375     534.930
    2093.458     534.971
    2093.542     535.054
    2093.625     535.096
    2093.708     535.133
    2093.792     535.171
    2093.875     535.208
    2093.958     535.245
    2094.042     535.245
    2094.125     535.283
    2094.208     535.320
    2094.292     535.358
    2094.375     535.395
    2094.458     535.438
    2094.542     535.522
    2094.625     535.565
    2094.708     535.603
    2094.792     535.641
    2094.875     535.679
    2094.958     535.717
    2095.042     535.717
    2095.125     535.755
    2095.208     535.793
    2095.292     535.831
    2095.375     535.869
    2095.458     535.912
    2095.542     535.998
    2095.625     536.041
    2095.708     536.080
    2095.792     536.118
    2095.875     536.157
    2095.958     536.195
    2096.042     536.195
    2096.125     536.233
    2096.208     536.272
    2096.292     536.310
    2096.375     536.349
    2096.458     536.392
    2096.542     536.479
    2096.625     536.522
    2096.708     536.561
    2096.792     536.600
    2096.875     536.639
    2096.958     536.677
    2097.042     536.677
    2097.125     536.716
    2097.208     536.755
    2097.292     536.794
    2097.375     536.833
    2097.458     536.876
    2097.542     536.963
    2097.625     537.006
    2097.708     537.044
    2097.792     537.083
    2097.875     537.121
    2097.958     537.159
    2098.042     537.159
    2098.125     537.198
    2098.208     537.236
    2098.292     537.274
    2098.375     537.312
    2098.458     537.356
    2098.542     537.441
    2098.625     537.484
    2098.708     537.521
    2098.792     537.559
    2098.875     537.597
    2098.958     537.635
    2099.042     537.635
    2099.125     537.673
    2099.208     537.711
    2099.292     537.748
    2099.375     537.786
    2099.458     537.829
    2099.542     537.915
    2099.625     537.959
    2099.708     537.998
    2099.792     538.037
    2099.875     538.076
    2099.958     538.115
