1950    1   2.29
1950    2  -0.57
1950    3  -1.80
1950    4  -2.50
1950    5   1.41
1950    6   1.27
1950    7   3.01
1950    8   0.52
1950    9  -0.32
1950   10   0.04
1950   11  -1.72
1950   12  -2.31
1951    1  -0.74
1951    2  -1.66
1951    3   0.11
1951    4  -2.31
1951    5   0.93
1951    6   1.91
1951    7  -0.86
1951    8  -3.26
1951    9  -0.26
1951   10   0.59
1951   11   0.48
1951   12   0.04
1952    1  -1.07
1952    2  -1.46
1952    3   0.16
1952    4   0.12
1952    5   0.24
1952    6  -0.40
1952    7  -1.26
1952    8  -0.95
1952    9  -1.68
1952   10  -0.42
1952   11  -1.55
1952   12  -0.26
1953    1   0.84
1953    2  -0.25
1953    3   1.73
1953    4  -1.66
1953    5   0.09
1953    6  -0.71
1953    7  -0.71
1953    8  -1.41
1953    9   0.58
1953   10   0.00
1953   11   0.16
1953   12   0.73
1954    1   0.52
1954    2   0.03
1954    3   0.48
1954    4  -0.29
1954    5  -2.13
1954    6   0.58
1954    7  -1.50
1954    8   0.29
1954    9  -1.04
1954   10   0.34
1954   11  -0.51
1954   12  -0.58
1955    1  -0.79
1955    2  -1.69
1955    3   0.25
1955    4  -0.01
1955    5   0.92
1955    6   1.43
1955    7   0.55
1955    8   1.44
1955    9  -1.21
1955   10  -0.39
1955   11   0.62
1955   12   0.73
1956    1  -0.74
1956    2  -0.89
1956    3   0.33
1956    4  -0.08
1956    5   0.61
1956    6  -1.47
1956    7   1.13
1956    8  -0.16
1956    9   2.61
1956   10   0.53
1956   11  -1.51
1956   12   0.38
1957    1   0.69
1957    2  -1.73
1957    3   0.45
1957    4  -0.48
1957    5  -1.42
1957    6   2.45
1957    7  -0.54
1957    8  -1.81
1957    9  -1.79
1957   10   0.57
1957   11   1.15
1957   12   0.46
1958    1  -0.21
1958    2  -0.14
1958    3   2.15
1958    4   0.38
1958    5  -0.24
1958    6   0.38
1958    7   2.08
1958    8  -0.81
1958    9   3.31
1958   10   0.55
1958   11   0.56
1958   12  -0.08
1959    1  -0.87
1959    2   2.20
1959    3   0.39
1959    4  -0.07
1959    5  -0.12
1959    6   0.82
1959    7   0.57
1959    8   1.03
1959    9   3.68
1959   10   1.84
1959   11  -0.88
1959   12  -1.02
1960    1   0.06
1960    2   0.15
1960    3   3.27
1960    4  -0.60
1960    5  -1.30
1960    6   0.02
1960    7   0.86
1960    8   1.58
1960    9  -0.81
1960   10   0.59
1960   11   0.81
1960   12  -1.97
1961    1  -0.52
1961    2   0.19
1961    3  -0.62
1961    4   1.25
1961    5  -0.38
1961    6  -1.36
1961    7   0.36
1961    8   0.69
1961    9   1.78
1961   10  -1.05
1961   11  -0.16
1961   12  -0.26
1962    1  -0.62
1962    2  -0.12
1962    3  -0.33
1962    4  -0.29
1962    5   0.24
1962    6   1.01
1962    7  -0.42
1962    8   1.40
1962    9  -0.13
1962   10   1.19
1962   11  -2.00
1962   12  -0.08
1963    1  -0.09
1963    2  -1.07
1963    3   2.08
1963    4  -0.46
1963    5  -1.84
1963    6   0.97
1963    7   0.85
1963    8  -0.08
1963    9  -0.77
1963   10   0.60
1963   11   0.51
1963   12   0.18
1964    1   2.14
1964    2  -0.23
1964    3   1.42
1964    4   0.93
1964    5   0.70
1964    6   1.77
1964    7   0.36
1964    8   3.04
1964    9   0.80
1964   10  -0.42
1964   11   0.86
1964   12  -0.27
1965    1  -0.37
1965    2   1.46
1965    3  -1.84
1965    4   0.67
1965    5   2.95
1965    6   1.33
1965    7   0.37
1965    8   1.29
1965    9   0.66
1965   10   3.08
1965   11  -0.40
1965   12  -1.13
1966    1  -0.49
1966    2  -0.02
1966    3   1.50
1966    4   0.08
1966    5   0.06
1966    6   0.84
1966    7  -1.23
1966    8   1.87
1966    9   2.66
1966   10   0.87
1966   11  -2.94
1966   12  -0.61
1967    1   0.34
1967    2  -0.52
1967    3  -0.01
1967    4  -1.07
1967    5  -0.18
1967    6   1.86
1967    7   1.25
1967    8  -0.80
1967    9   0.83
1967   10  -0.25
1967   11  -1.66
1967   12   0.40
1968    1   0.62
1968    2  -1.26
1968    3   2.16
1968    4  -0.01
1968    5   0.16
1968    6   1.26
1968    7   2.57
1968    8  -0.46
1968    9   0.11
1968   10   1.59
1968   11   2.20
1968   12  -0.58
1969    1   0.17
1969    2  -2.12
1969    3   1.61
1969    4   0.56
1969    5   0.99
1969    6   2.16
1969    7   1.61
1969    8  -0.21
1969    9  -0.68
1969   10   2.33
1969   11  -2.27
1969   12  -0.96
1970    1  -0.14
1970    2  -1.15
1970    3  -4.17
1970    4  -0.18
1970    5  -0.20
1970    6   0.36
1970    7   1.15
1970    8   2.40
1970    9  -0.12
1970   10   0.46
1970   11  -0.35
1970   12   0.81
1971    1  -1.57
1971    2   0.38
1971    3  -0.32
1971    4   0.66
1971    5   0.72
1971    6   0.95
1971    7   0.02
1971    8   1.67
1971    9  -0.30
1971   10   1.94
1971   11  -1.35
1971   12   1.63
1972    1   0.56
1972    2  -1.07
1972    3   2.15
1972    4  -0.57
1972    5   0.03
1972    6   0.91
1972    7  -0.16
1972    8  -1.63
1972    9   1.22
1972   10   0.47
1972   11  -0.07
1972   12  -0.21
1973    1   1.06
1973    2  -0.89
1973    3  -0.35
1973    4  -0.32
1973    5  -0.71
1973    6   0.00
1973    7   1.35
1973    8   1.67
1973    9   2.91
1973   10   1.34
1973   11  -0.34
1973   12  -0.34
1974    1   0.47
1974    2  -1.65
1974    3  -0.86
1974    4   1.30
1974    5   0.72
1974    6   1.81
1974    7   0.33
1974    8   0.94
1974    9  -0.55
1974   10  -1.46
1974   11  -0.27
1974   12   0.48
1975    1  -0.22
1975    2   1.35
1975    3   0.85
1975    4  -1.69
1975    5  -0.51
1975    6   0.97
1975    7   0.45
1975    8   2.24
1975    9  -0.71
1975   10   1.63
1975   11   0.32
1975   12   0.92
1976    1   0.61
1976    2   0.86
1976    3  -1.58
1976    4  -0.68
1976    5  -0.31
1976    6   2.24
1976    7   1.97
1976    8  -1.00
1976    9   1.69
1976   10   0.96
1976   11  -0.48
1976   12  -1.78
1977    1  -0.49
1977    2  -1.73
1977    3   0.45
1977    4  -1.01
1977    5  -1.21
1977    6   0.30
1977    7  -0.01
1977    8  -1.13
1977    9   0.88
1977   10   1.01
1977   11  -0.87
1977   12   0.33
1978    1  -0.63
1978    2  -0.98
1978    3  -0.24
1978    4   1.22
1978    5   0.10
1978    6  -0.14
1978    7   0.38
1978    8   1.73
1978    9   0.83
1978   10   1.42
1978   11   1.10
1978   12   0.29
1979    1  -0.79
1979    2  -0.20
1979    3  -0.10
1979    4   0.15
1979    5  -0.83
1979    6   0.78
1979    7  -0.44
1979    8  -0.42
1979    9  -0.26
1979   10   0.65
1979   11  -1.54
1979   12   0.19
1980    1   0.31
1980    2  -0.30
1980    3  -1.42
1980    4   0.30
1980    5   0.24
1980    6  -1.86
1980    7   0.45
1980    8   1.18
1980    9  -0.04
1980   10   0.04
1980   11   1.35
1980   12  -1.17
1981    1   0.11
1981    2  -1.13
1981    3   0.90
1981    4   1.37
1981    5   0.07
1981    6  -0.34
1981    7  -1.08
1981    8  -2.09
1981    9  -0.73
1981   10  -2.08
1981   11  -1.23
1981   12  -1.62
1982    1   0.30
1982    2   1.32
1982    3   0.75
1982    4  -0.29
1982    5   0.10
1982    6   2.17
1982    7  -0.20
1982    8  -0.11
1982    9  -0.49
1982   10   0.53
1982   11   0.16
1982   12   0.02
1983    1   1.31
1983    2   0.47
1983    3  -0.03
1983    4  -1.85
1983    5  -0.36
1983    6   0.75
1983    7  -0.98
1983    8   0.98
1983    9   0.93
1983   10   0.37
1983   11   1.72
1983   12  -0.98
1984    1  -2.06
1984    2  -1.78
1984    3  -2.14
1984    4   0.64
1984    5  -1.72
1984    6  -0.17
1984    7   0.32
1984    8   2.08
1984    9  -0.63
1984   10  -0.17
1984   11   1.18
1984   12   0.06
1985    1  -0.34
1985    2   0.38
1985    3   0.18
1985    4   0.48
1985    5  -0.14
1985    6   1.06
1985    7   1.71
1985    8   0.63
1985    9   0.54
1985   10   1.69
1985   11  -0.88
1985   12  -0.05
1986    1  -1.11
1986    2  -0.07
1986    3   1.35
1986    4  -1.62
1986    5   0.72
1986    6  -0.19
1986    7   0.87
1986    8   0.80
1986    9   1.96
1986   10   1.19
1986   11  -0.05
1986   12   1.42
1987    1   0.82
1987    2  -0.03
1987    3   0.48
1987    4   1.85
1987    5  -0.18
1987    6  -0.96
1987    7  -0.71
1987    8  -0.98
1987    9   1.70
1987   10  -2.46
1987   11   0.17
1987   12   1.22
1988    1  -1.09
1988    2  -1.44
1988    3  -2.23
1988    4   0.39
1988    5  -1.03
1988    6  -1.14
1988    7  -0.73
1988    8   0.54
1988    9   0.39
1988   10   0.19
1988   11   1.19
1988   12   0.75
1989    1   1.14
1989    2  -0.23
1989    3  -0.28
1989    4  -1.11
1989    5  -0.04
1989    6  -1.20
1989    7  -2.04
1989    8   0.05
1989    9  -1.12
1989   10   0.99
1989   11   0.55
1989   12   0.07
1990    1   0.18
1990    2  -0.14
1990    3  -0.03
1990    4  -1.11
1990    5   2.25
1990    6  -0.54
1990    7   0.54
1990    8   0.45
1990    9   0.33
1990   10   0.66
1990   11   1.24
1990   12  -0.63
1991    1   0.93
1991    2  -0.67
1991    3   0.30
1991    4  -1.28
1991    5  -0.81
1991    6  -1.17
1991    7   1.35
1991    8   0.43
1991    9   0.48
1991   10  -0.86
1991   11  -0.69
1991   12   1.99
1992    1   2.49
1992    2   0.92
1992    3  -0.70
1992    4   0.77
1992    5   1.53
1992    6   1.55
1992    7   1.15
1992    8   0.99
1992    9  -1.40
1992   10   1.53
1992   11   0.13
1992   12   0.36
1993    1   0.64
1993    2   1.83
1993    3   0.43
1993    4   0.39
1993    5  -0.87
1993    6   0.87
1993    7  -0.21
1993    8  -0.33
1993    9   2.23
1993   10   0.99
1993   11   0.58
1993   12  -0.95
1994    1  -1.21
1994    2   1.14
1994    3  -1.77
1994    4  -0.82
1994    5   0.82
1994    6  -0.15
1994    7   1.69
1994    8   0.79
1994    9  -0.82
1994   10  -0.25
1994   11   2.17
1994   12   1.35
1995    1  -1.11
1995    2  -0.60
1995    3   0.56
1995    4  -1.18
1995    5  -0.82
1995    6   0.15
1995    7   0.99
1995    8   0.83
1995    9  -1.20
1995   10   0.54
1995   11   0.52
1995   12   0.69
1996    1  -0.47
1996    2  -1.29
1996    3  -1.23
1996    4   0.72
1996    5   0.01
1996    6  -0.50
1996    7  -0.67
1996    8   0.88
1996    9   1.47
1996   10   0.14
1996   11  -2.39
1996   12  -0.82
1997    1   1.68
1997    2   0.61
1997    3  -0.55
1997    4   1.52
1997    5   0.73
1997    6   1.26
1997    7   1.14
1997    8  -0.57
1997    9   0.31
1997   10   1.30
1997   11   1.52
1997   12   0.26
1998    1   0.55
1998    2   2.72
1998    3  -1.11
1998    4   0.55
1998    5  -0.60
1998    6  -1.56
1998    7  -1.25
1998    8   0.12
1998    9   0.54
1998   10  -0.53
1998   11  -0.22
1998   12  -0.67
1999    1  -0.89
1999    2  -0.57
1999    3   1.39
1999    4   0.42
1999    5   1.66
1999    6  -0.74
1999    7   0.80
1999    8   1.17
1999    9  -0.50
1999   10  -0.61
1999   11  -0.43
1999   12  -0.93
2000    1   0.65
2000    2   0.10
2000    3  -1.13
2000    4  -0.95
2000    5   0.96
2000    6  -0.34
2000    7  -1.64
2000    8   1.17
2000    9   1.19
2000   10  -1.45
2000   11  -0.90
2000   12  -0.77
2001    1  -0.85
2001    2   0.12
2001    3  -0.35
2001    4  -0.59
2001    5   1.48
2001    6   0.48
2001    7  -0.62
2001    8   0.53
2001    9  -1.08
2001   10   0.54
2001   11  -0.67
2001   12   0.46
2002    1   0.70
2002    2  -0.56
2002    3   0.39
2002    4  -0.38
2002    5   0.52
2002    6   0.18
2002    7  -0.65
2002    8   0.09
2002    9   0.46
2002   10   0.78
2002   11   0.45
2002   12   1.60
2003    1  -0.39
2003    2   0.87
2003    3   1.24
2003    4   0.31
2003    5  -0.85
2003    6   1.79
2003    7  -0.23
2003    8  -1.58
2003    9  -1.04
2003   10  -0.58
2003   11   0.32
2003   12   0.31
2004    1  -0.35
2004    2   0.63
2004    3   0.87
2004    4   0.90
2004    5  -0.12
2004    6  -0.06
2004    7  -0.28
2004    8  -1.22
2004    9  -0.17
2004   10  -0.43
2004   11   0.10
2004   12   0.24
2005    1   0.08
2005    2  -0.65
2005    3   0.40
2005    4  -0.02
2005    5  -1.30
2005    6   0.36
2005    7   0.22
2005    8  -1.60
2005    9  -0.91
2005   10  -0.88
2005   11  -1.14
2005   12  -0.71
2006    1   0.82
2006    2  -0.61
2006    3   1.52
2006    4  -0.86
2006    5  -0.93
2006    6  -1.07
2006    7   1.01
2006    8  -0.97
2006    9   0.41
2006   10   0.50
2006   11  -0.27
2006   12   1.31
2007    1   0.00
2007    2   0.74
2007    3  -0.02
2007    4   1.53
2007    5   0.03
2007    6   0.11
2007    7  -0.30
2007    8  -1.70
2007    9  -0.77
2007   10  -1.07
2007   11  -0.50
2007   12   0.28
2008    1  -0.64
2008    2   0.12
2008    3  -0.47
2008    4  -0.38
2008    5   0.71
2008    6   0.06
2008    7   0.53
2008    8  -0.28
2008    9  -0.77
2008   10  -0.90
2008   11  -1.28
2008   12  -1.46
2009    1  -1.33
2009    2  -1.17
2009    3   0.18
2009    4   1.26
2009    5   0.21
2009    6   1.23
2009    7   0.70
2009    8  -0.30
2009    9  -0.22
2009   10   0.34
2009   11  -0.42
2009   12  -0.82
2010    1  -0.55
2010    2  -1.02
2010    3   1.08
2010    4  -0.67
2010    5  -2.05
2010    6  -1.91
2010    7  -1.42
2010    8  -0.77
2010    9  -1.08
2010   10  -0.03
2010   11  -0.96
2010   12  -1.99
2011    1  -0.38
2011    2   0.58
2011    3   0.08
2011    4   1.23
2011    5  -1.52
2011    6  -0.33
2011    7  -0.79
2011    8   0.97
2011    9  -0.29
2011   10   0.12
2011   11   2.08
2011   12  -0.50
2012    1  -0.46
2012    2  -0.64
2012    3   1.35
2012    4  -1.59
2012    5  -0.47
2012    6   0.01
2012    7  -1.43
2012    8   1.15
2012    9  -0.49
2012   10  -1.01
2012   11  -0.59
2012   12  -0.88
2013    1   0.46
2013    2  -1.28
2013    3   2.31
2013    4  -0.40
2013    5  -2.06
2013    6  -2.30
2013    7  -0.17
2013    8  -1.94
2013    9  -0.58
2013   10   0.63
2013   11  -0.88
2013   12  -0.36
2014    1  -1.32
2014    2  -1.93
2014    3  -0.11
2014    4   1.23
2014    5  -1.45
2014    6   0.03
2014    7  -0.31
2014    8  -1.69
2014    9   0.47
2014   10  -0.37
2014   11   1.28
2014   12  -0.44
2015    1  -0.24
2015    2  -0.92
2015    3   0.27
2015    4   1.12
2015    5  -1.50
2015    6  -0.78
2015    7   2.01
2015    8  -0.37
2015    9  -1.67
2015   10   0.59
2015   11   0.56
2015   12   1.28
2016    1  -0.50
2016    2  -2.39
2016    3   0.26
2016    4  -0.50
2016    5  -1.99
2016    6  -1.85
2016    7  -1.01
2016    8  -3.30
2016    9   0.13
2016   10  -1.33
2016   11  -0.93
2016   12   1.52
2017    1   0.63
2017    2   1.14
2017    3  -1.02
2017    4   0.71
2017    5   1.48
2017    6   0.34
2017    7  -0.58
2017    8  -2.93
2017    9  -2.52
2017   10  -0.02
2017   11  -1.21
2017   12  -1.63
2018    1  -1.62
2018    2  -1.40
2018    3   4.03
2018    4   0.49
2018    5  -1.45
2018    6  -0.24
2018    7  -2.16
2018    8  -0.47
2018    9  -1.76
2018   10   0.36
2018   11   1.51
2018   12  -0.43
2019    1   0.72
2019    2   0.45
2019    3  -1.15
2019    4   0.82
2019    5  -0.70
2019    6   0.30
2019    7   1.02
2019    8  -1.68
2019    9   0.79
2019   10  -0.52
2019   11  -0.59
2019   12   0.15
2020    1   0.66
2020    2  -0.06
2020    3   0.57
