1995  1  -0.90
1995  2  -1.28
1995  3  -1.68
1995  4  -0.10
1995  5  -0.59
1995  6   0.17
1995  7   1.18
1995  8   1.52
1995  9  -0.94
1995 10   1.16
1995 11   0.49
1995 12   0.64
1996  1   0.43
1996  2  -0.72
1996  3   0.44
1996  4   0.93
1996  5  -1.20
1996  6   0.50
1996  7  -0.87
1996  8   0.15
1996  9   0.79
1996 10   0.02
1996 11  -1.58
1996 12  -0.23
1997  1   1.71
1997  2  -0.02
1997  3   1.47
1997  4   0.61
1997  5  -0.19
1997  6  -0.99
1997  7   0.34
1997  8   1.12
1997  9   1.34
1997 10  -0.60
1997 11  -0.21
1997 12   0.20
1998  1   0.71
1998  2   1.48
1998  3   0.74
1998  4  -1.61
1998  5   0.68
1998  6  -1.94
1998  7  -1.52
1998  8  -0.30
1998  9  -0.42
1998 10  -1.61
1998 11  -0.45
1998 12  -0.38
1999  1  -0.86
1999  2  -0.54
1999  3  -0.40
1999  4   0.21
1999  5   1.15
1999  6   0.03
1999  7   1.28
1999  8  -1.15
1999  9   0.53
1999 10  -0.20
1999 11   1.57
1999 12  -2.18
2000  1   0.65
2000  2  -0.22
2000  3   0.48
2000  4  -0.70
2000  5   1.15
2000  6   0.34
2000  7  -1.33
2000  8  -0.36
2000  9   0.24
2000 10  -0.39
2000 11  -1.37
2000 12  -0.57
2001  1  -0.49
2001  2   0.04
2001  3  -1.85
2001  4  -1.17
2001  5   1.13
2001  6  -0.67
2001  7   0.11
2001  8   0.46
2001  9  -0.86
2001 10   0.91
2001 11   0.68
2001 12   0.27
2002  1   0.67
2002  2  -0.87
2002  3  -0.06
2002  4   1.36
2002  5   1.25
2002  6   0.30
2002  7  -0.45
2002  8   1.47
2002  9   0.16
2002 10  -1.31
2002 11  -0.78
2002 12   1.50
2003  1  -0.48
2003  2   1.10
2003  3   1.69
2003  4   0.94
2003  5  -0.05
2003  6   1.56
2003  7   0.50
2003  8   0.86
2003  9   0.68
2003 10  -1.20
2003 11   0.59
2003 12   0.20
2004  1  -0.94
2004  2   0.29
2004  3  -0.18
2004  4   0.66
2004  5  -0.10
2004  6  -0.81
2004  7  -0.06
2004  8  -0.27
2004  9  -0.18
2004 10  -1.05
2004 11   0.56
2004 12   0.78
2005  1   0.17
2005  2   0.08
2005  3   0.29
2005  4  -0.33
2005  5  -1.10
2005  6   0.53
2005  7  -0.05
2005  8   0.42
2005  9   0.76
2005 10   0.69
2005 11  -0.38
2005 12  -0.43
