Effective equivalent stratospheric chlorine (EESC)
Follwing Newman et al. (2007). ACP, 7, 4537-4552. 
Eq.1 with a = 1 for each ODS, calculate Cl/Br atoms * halogen release efficiency * gas mmr. multiply Br ODS by 60, and add them all up. (n*f*rho)
Month -  EESC 5.5yr [ppt]
    1951.042    1266.275
    1951.125    1267.334
    1951.208    1268.383
    1951.292    1269.499
    1951.375    1270.550
    1951.458    1271.605
    1951.542    1272.723
    1951.625    1273.782
    1951.708    1274.829
    1951.792    1275.946
    1951.875    1277.001
    1951.958    1278.056
    1952.042    1279.255
    1952.125    1280.481
    1952.208    1281.710
    1952.292    1282.996
    1952.375    1284.226
    1952.458    1285.451
    1952.542    1286.736
    1952.625    1287.964
    1952.708    1289.191
    1952.792    1290.477
    1952.875    1291.703
    1952.958    1292.932
    1953.042    1294.286
    1953.125    1295.715
    1953.208    1297.146
    1953.292    1298.628
    1953.375    1300.058
    1953.458    1301.488
    1953.542    1302.910
    1953.625    1304.342
    1953.708    1305.770
    1953.792    1307.252
    1953.875    1308.683
    1953.958    1310.112
    1954.042    1311.604
    1954.125    1313.108
    1954.208    1314.608
    1954.292    1316.168
    1954.375    1317.674
    1954.458    1319.174
    1954.542    1320.735
    1954.625    1322.241
    1954.708    1323.743
    1954.792    1325.303
    1954.875    1326.808
    1954.958    1328.309
    1955.042    1329.938
    1955.125    1331.635
    1955.208    1333.332
    1955.292    1335.094
    1955.375    1336.791
    1955.458    1338.487
    1955.542    1340.190
    1955.625    1341.888
    1955.708    1343.583
    1955.792    1345.344
    1955.875    1347.043
    1955.958    1348.739
    1956.042    1350.549
    1956.125    1352.419
    1956.208    1354.293
    1956.292    1356.215
    1956.375    1358.086
    1956.458    1359.957
    1956.542    1361.880
    1956.625    1363.751
    1956.708    1365.620
    1956.792    1367.542
    1956.875    1369.409
    1956.958    1371.286
    1957.042    1373.294
    1957.125    1375.409
    1957.208    1377.518
    1957.292    1379.678
    1957.375    1381.783
    1957.458    1383.895
    1957.542    1385.996
    1957.625    1388.107
    1957.708    1390.219
    1957.792    1392.376
    1957.875    1394.484
    1957.958    1396.600
    1958.042    1398.716
    1958.125    1400.808
    1958.208    1402.898
    1958.292    1405.049
    1958.375    1407.137
    1958.458    1409.224
    1958.542    1411.379
    1958.625    1413.471
    1958.708    1415.560
    1958.792    1417.705
    1958.875    1419.793
    1958.958    1421.879
    1959.042    1424.100
    1959.125    1426.390
    1959.208    1428.686
    1959.292    1431.038
    1959.375    1433.333
    1959.458    1435.623
    1959.542    1437.915
    1959.625    1440.205
    1959.708    1442.501
    1959.792    1444.852
    1959.875    1447.148
    1959.958    1449.438
    1960.042    1451.832
    1960.125    1454.325
    1960.208    1456.822
    1960.292    1459.379
    1960.375    1461.878
    1960.458    1464.369
    1960.542    1466.865
    1960.625    1469.355
    1960.708    1471.855
    1960.792    1474.412
    1960.875    1476.908
    1960.958    1479.402
    1961.042    1482.030
    1961.125    1484.781
    1961.208    1487.533
    1961.292    1490.352
    1961.375    1493.102
    1961.458    1495.855
    1961.542    1498.613
    1961.625    1501.369
    1961.708    1504.121
    1961.792    1506.935
    1961.875    1509.689
    1961.958    1512.441
    1962.042    1515.368
    1962.125    1518.466
    1962.208    1521.568
    1962.292    1524.721
    1962.375    1527.819
    1962.458    1530.921
    1962.542    1534.014
    1962.625    1537.112
    1962.708    1540.214
    1962.792    1543.367
    1962.875    1546.469
    1962.958    1549.567
    1963.042    1552.811
    1963.125    1556.269
    1963.208    1559.732
    1963.292    1563.253
    1963.375    1566.709
    1963.458    1570.111
    1963.542    1573.629
    1963.625    1577.092
    1963.708    1580.552
    1963.792    1583.948
    1963.875    1587.410
    1963.958    1590.928
    1964.042    1594.487
    1964.125    1598.214
    1964.208    1601.938
    1964.292    1605.722
    1964.375    1609.444
    1964.458    1613.173
    1964.542    1616.894
    1964.625    1620.616
    1964.708    1624.345
    1964.792    1628.124
    1964.875    1631.850
    1964.958    1635.574
    1965.042    1639.444
    1965.125    1643.469
    1965.208    1647.493
    1965.292    1651.577
    1965.375    1655.605
    1965.458    1659.619
    1965.542    1663.648
    1965.625    1667.671
    1965.708    1671.693
    1965.792    1675.775
    1965.875    1679.799
    1965.958    1683.819
    1966.042    1688.079
    1966.125    1692.641
    1966.208    1697.195
    1966.292    1701.812
    1966.375    1706.311
    1966.458    1710.867
    1966.542    1715.487
    1966.625    1720.047
    1966.708    1724.600
    1966.792    1729.097
    1966.875    1733.659
    1966.958    1738.213
    1967.042    1742.985
    1967.125    1748.216
    1967.208    1753.318
    1967.292    1758.547
    1967.375    1763.654
    1967.458    1768.820
    1967.542    1773.812
    1967.625    1778.980
    1967.708    1784.143
    1967.792    1789.311
    1967.875    1794.537
    1967.958    1799.705
    1968.042    1804.937
    1968.125    1810.352
    1968.208    1815.822
    1968.292    1821.301
    1968.375    1826.769
    1968.458    1832.301
    1968.542    1837.720
    1968.625    1843.250
    1968.708    1848.663
    1968.792    1854.199
    1968.875    1859.609
    1968.958    1865.080
    1969.042    1870.793
    1969.125    1876.927
    1969.208    1883.118
    1969.292    1889.245
    1969.375    1895.376
    1969.458    1901.442
    1969.542    1907.456
    1969.625    1913.527
    1969.708    1919.657
    1969.792    1925.785
    1969.875    1931.976
    1969.958    1938.102
    1970.042    1944.253
    1970.125    1950.657
    1970.208    1957.003
    1970.292    1963.471
    1970.375    1969.820
    1970.458    1976.225
    1970.542    1982.569
    1970.625    1989.040
    1970.708    1995.441
    1970.792    2001.845
    1970.875    2008.258
    1970.958    2014.599
    1971.042    2021.234
    1971.125    2028.208
    1971.208    2035.240
    1971.292    2042.330
    1971.375    2049.362
    1971.458    2056.394
    1971.542    2063.195
    1971.625    2070.227
    1971.708    2077.199
    1971.792    2084.289
    1971.875    2091.262
    1971.958    2098.354
    1972.042    2105.601
    1972.125    2113.534
    1972.208    2121.394
    1972.292    2129.264
    1972.375    2137.132
    1972.458    2145.054
    1972.542    2152.810
    1972.625    2160.681
    1972.708    2168.606
    1972.792    2176.470
    1972.875    2184.394
    1972.958    2192.266
    1973.042    2200.513
    1973.125    2209.483
    1973.208    2218.394
    1973.292    2227.303
    1973.375    2236.217
    1973.458    2245.184
    1973.542    2253.925
    1973.625    2262.900
    1973.708    2271.806
    1973.792    2280.714
    1973.875    2289.627
    1973.958    2298.597
    1974.042    2307.602
    1974.125    2317.285
    1974.208    2326.908
    1974.292    2336.592
    1974.375    2346.214
    1974.458    2355.957
    1974.542    2365.289
    1974.625    2374.971
    1974.708    2384.595
    1974.792    2394.219
    1974.875    2403.903
    1974.958    2413.525
    1975.042    2422.865
    1975.125    2432.035
    1975.208    2441.269
    1975.292    2450.558
    1975.375    2459.672
    1975.458    2468.962
    1975.542    2478.250
    1975.625    2487.369
    1975.708    2496.655
    1975.792    2505.941
    1975.875    2515.107
    1975.958    2524.349
    1976.042    2533.875
    1976.125    2543.799
    1976.208    2553.438
    1976.292    2563.308
    1976.375    2572.946
    1976.458    2582.874
    1976.542    2592.636
    1976.625    2602.562
    1976.708    2612.261
    1976.792    2622.014
    1976.875    2631.890
    1976.958    2641.634
    1977.042    2651.413
    1977.125    2661.330
    1977.208    2671.245
    1977.292    2681.214
    1977.375    2691.128
    1977.458    2700.985
    1977.542    2710.836
    1977.625    2720.753
    1977.708    2730.667
    1977.792    2740.636
    1977.875    2750.551
    1977.958    2760.467
    1978.042    2770.442
    1978.125    2780.542
    1978.208    2790.762
    1978.292    2800.905
    1978.375    2811.002
    1978.458    2821.218
    1978.542    2831.382
    1978.625    2841.601
    1978.708    2851.698
    1978.792    2861.845
    1978.875    2871.944
    1978.958    2882.160
    1979.042    2891.810
    1979.125    2900.901
    1979.208    2910.065
    1979.292    2919.208
    1979.375    2928.419
    1979.458    2937.458
    1979.542    2946.603
    1979.625    2955.814
    1979.708    2964.857
    1979.792    2973.951
    1979.875    2983.211
    1979.958    2992.254
    1980.042    3001.177
    1980.125    3009.951
    1980.208    3018.663
    1980.292    3027.326
    1980.375    3036.042
    1980.458    3044.811
    1980.542    3053.521
    1980.625    3062.355
    1980.708    3071.006
    1980.792    3079.669
    1980.875    3088.445
    1980.958    3097.155
    1981.042    3105.762
    1981.125    3114.554
    1981.208    3123.228
    1981.292    3131.917
    1981.375    3140.584
    1981.458    3149.380
    1981.542    3157.889
    1981.625    3166.683
    1981.708    3175.351
    1981.792    3184.041
    1981.875    3192.713
    1981.958    3201.503
    1982.042    3210.094
    1982.125    3218.758
    1982.208    3227.311
    1982.292    3235.930
    1982.375    3244.530
    1982.458    3253.144
    1982.542    3261.822
    1982.625    3270.436
    1982.708    3279.037
    1982.792    3287.655
    1982.875    3296.379
    1982.958    3304.872
    1983.042    3313.600
    1983.125    3322.515
    1983.208    3331.364
    1983.292    3340.276
    1983.375    3349.062
    1983.458    3358.033
    1983.542    3366.826
    1983.625    3375.734
    1983.708    3384.586
    1983.792    3393.494
    1983.875    3402.285
    1983.958    3411.256
    1984.042    3420.488
    1984.125    3429.969
    1984.208    3439.628
    1984.292    3449.285
    1984.375    3458.824
    1984.458    3468.424
    1984.542    3478.092
    1984.625    3487.572
    1984.708    3497.231
    1984.792    3506.888
    1984.875    3516.547
    1984.958    3526.027
    1985.042    3535.860
    1985.125    3546.034
    1985.208    3556.089
    1985.292    3566.200
    1985.375    3576.252
    1985.458    3586.426
    1985.542    3596.429
    1985.625    3606.594
    1985.708    3616.658
    1985.792    3626.766
    1985.875    3636.822
    1985.958    3646.995
    1986.042    3657.327
    1986.125    3667.989
    1986.208    3678.654
    1986.292    3689.370
    1986.375    3700.035
    1986.458    3710.697
    1986.542    3721.364
    1986.625    3732.029
    1986.708    3742.691
    1986.792    3753.407
    1986.875    3764.072
    1986.958    3774.734
    1987.042    3785.975
    1987.125    3798.032
    1987.208    3809.965
    1987.292    3821.976
    1987.375    3833.969
    1987.458    3845.960
    1987.542    3857.779
    1987.625    3869.896
    1987.708    3881.766
    1987.792    3893.776
    1987.875    3905.711
    1987.958    3917.764
    1988.042    3929.583
    1988.125    3941.537
    1988.208    3953.542
    1988.292    3965.487
    1988.375    3977.307
    1988.458    3989.324
    1988.542    4001.257
    1988.625    4013.215
    1988.708    4025.157
    1988.792    4037.102
    1988.875    4049.049
    1988.958    4061.001
    1989.042    4072.388
    1989.125    4083.515
    1989.208    4094.572
    1989.292    4105.711
    1989.375    4116.775
    1989.458    4127.898
    1989.542    4138.858
    1989.625    4149.982
    1989.708    4161.039
    1989.792    4172.178
    1989.875    4183.242
    1989.958    4194.363
    1990.042    4204.216
    1990.125    4212.906
    1990.208    4221.429
    1990.292    4230.187
    1990.375    4238.758
    1990.458    4247.448
    1990.542    4256.145
    1990.625    4264.884
    1990.708    4273.454
    1990.792    4282.212
    1990.875    4290.735
    1990.958    4299.425
    1991.042    4306.874
    1991.125    4313.148
    1991.208    4319.251
    1991.292    4325.524
    1991.375    4331.627
    1991.458    4337.900
    1991.542    4344.053
    1991.625    4350.327
    1991.708    4356.430
    1991.792    4362.703
    1991.875    4368.809
    1991.958    4375.080
    1992.042    4380.690
    1992.125    4385.596
    1992.208    4390.623
    1992.292    4395.709
    1992.375    4400.608
    1992.458    4405.632
    1992.542    4410.706
    1992.625    4415.731
    1992.708    4420.634
    1992.792    4425.719
    1992.875    4430.744
    1992.958    4435.648
    1993.042    4439.230
    1993.125    4441.266
    1993.208    4443.186
    1993.292    4445.337
    1993.375    4447.256
    1993.458    4449.289
    1993.542    4451.383
    1993.625    4453.419
    1993.708    4455.337
    1993.792    4457.488
    1993.875    4459.408
    1993.958    4461.446
    1994.042    4462.511
    1994.125    4462.790
    1994.208    4462.957
    1994.292    4463.173
    1994.375    4463.403
    1994.458    4463.619
    1994.542    4463.667
    1994.625    4463.885
    1994.708    4464.113
    1994.792    4464.328
    1994.875    4464.498
    1994.958    4464.775
    1995.042    4463.822
    1995.125    4462.005
    1995.208    4460.172
    1995.292    4458.413
    1995.375    4456.582
    1995.458    4454.761
    1995.542    4452.812
    1995.625    4450.990
    1995.708    4449.160
    1995.792    4447.400
    1995.875    4445.573
    1995.958    4443.749
    1996.042    4441.670
    1996.125    4439.329
    1996.208    4436.990
    1996.292    4434.613
    1996.375    4432.271
    1996.458    4429.933
    1996.542    4427.724
    1996.625    4425.383
    1996.708    4423.044
    1996.792    4420.667
    1996.875    4418.326
    1996.958    4415.987
    1997.042    4414.167
    1997.125    4412.783
    1997.208    4411.355
    1997.292    4409.911
    1997.375    4408.486
    1997.458    4407.099
    1997.542    4405.674
    1997.625    4404.290
    1997.708    4402.863
    1997.792    4401.418
    1997.875    4399.992
    1997.958    4398.603
    1998.042    4396.965
    1998.125    4395.170
    1998.208    4393.266
    1998.292    4391.462
    1998.375    4389.561
    1998.458    4387.762
    1998.542    4385.910
    1998.625    4384.115
    1998.708    4382.210
    1998.792    4380.406
    1998.875    4378.566
    1998.958    4376.707
    1999.042    4374.178
    1999.125    4370.692
    1999.208    4367.208
    1999.292    4363.715
    1999.375    4360.229
    1999.458    4356.745
    1999.542    4353.539
    1999.625    4350.055
    1999.708    4346.569
    1999.792    4343.076
    1999.875    4339.591
    1999.958    4336.106
    2000.042    4332.641
    2000.125    4328.850
    2000.208    4324.993
    2000.292    4321.139
    2000.375    4317.401
    2000.458    4313.605
    2000.542    4309.823
    2000.625    4306.030
    2000.708    4302.232
    2000.792    4298.378
    2000.875    4294.585
    2000.958    4290.790
    2001.042    4287.302
    2001.125    4284.130
    2001.208    4280.945
    2001.292    4277.754
    2001.375    4274.579
    2001.458    4271.397
    2001.542    4268.326
    2001.625    4265.094
    2001.708    4261.969
    2001.792    4258.837
    2001.875    4255.655
    2001.958    4252.420
    2002.042    4249.825
    2002.125    4247.520
    2002.208    4245.212
    2002.292    4242.908
    2002.375    4240.604
    2002.458    4238.292
    2002.542    4236.116
    2002.625    4233.807
    2002.708    4231.503
    2002.792    4229.196
    2002.875    4226.887
    2002.958    4224.582
    2003.042    4222.267
    2003.125    4219.675
    2003.208    4217.264
    2003.292    4214.634
    2003.375    4212.099
    2003.458    4209.630
    2003.542    4207.168
    2003.625    4204.699
    2003.708    4202.167
    2003.792    4199.536
    2003.875    4197.065
    2003.958    4194.533
    2004.042    4192.210
    2004.125    4189.955
    2004.208    4187.819
    2004.292    4185.581
    2004.375    4183.382
    2004.458    4181.186
    2004.542    4179.004
    2004.625    4176.746
    2004.708    4174.613
    2004.792    4172.371
    2004.875    4170.177
    2004.958    4167.984
    2005.042    4165.747
    2005.125    4163.344
    2005.208    4160.948
    2005.292    4158.545
    2005.375    4156.151
    2005.458    4153.741
    2005.542    4151.463
    2005.625    4149.056
    2005.708    4146.664
    2005.792    4144.253
    2005.875    4141.857
    2005.958    4139.457
    2006.042    4137.273
    2006.125    4135.120
    2006.208    4133.026
    2006.292    4130.918
    2006.375    4128.717
    2006.458    4126.624
    2006.542    4124.587
    2006.625    4122.483
    2006.708    4120.341
    2006.792    4118.185
    2006.875    4116.032
    2006.958    4113.986
    2007.042    4111.758
    2007.125    4109.439
    2007.208    4107.184
    2007.292    4104.867
    2007.375    4102.494
    2007.458    4100.287
    2007.542    4097.920
    2007.625    4095.598
    2007.708    4093.347
    2007.792    4091.027
    2007.875    4088.776
    2007.958    4086.454
    2008.042    4084.156
    2008.125    4081.802
    2008.208    4079.397
    2008.292    4077.106
    2008.375    4074.703
    2008.458    4072.347
    2008.542    4070.124
    2008.625    4067.770
    2008.708    4065.365
    2008.792    4063.074
    2008.875    4060.672
    2008.958    4058.314
    2009.042    4055.979
    2009.125    4053.408
    2009.208    4050.909
    2009.292    4048.403
    2009.375    4045.833
    2009.458    4043.333
    2009.542    4040.887
    2009.625    4038.388
    2009.708    4035.817
    2009.792    4033.311
    2009.875    4030.810
    2009.958    4028.241
    2010.042    4025.947
    2010.125    4023.979
    2010.208    4021.720
    2010.292    4019.701
    2010.375    4017.621
    2010.458    4015.474
    2010.542    4013.330
    2010.625    4011.255
    2010.708    4009.167
    2010.792    4007.026
    2010.875    4004.935
    2010.958    4002.795
    2011.042    4000.846
    2011.125    3998.897
    2011.208    3996.847
    2011.292    3994.842
    2011.375    3992.788
    2011.458    3990.844
    2011.542    3988.958
    2011.625    3987.014
    2011.708    3984.959
    2011.792    3982.957
    2011.875    3980.905
    2011.958    3978.956
    2012.042    3977.041
    2012.125    3975.139
    2012.208    3973.300
    2012.292    3971.406
    2012.375    3969.446
    2012.458    3967.665
    2012.542    3965.719
    2012.625    3963.818
    2012.708    3961.978
    2012.792    3960.084
    2012.875    3958.124
    2012.958    3956.343
    2013.042    3954.435
    2013.125    3952.568
    2013.208    3950.711
    2013.292    3948.848
    2013.375    3946.991
    2013.458    3945.118
    2013.542    3943.255
    2013.625    3941.505
    2013.708    3939.531
    2013.792    3937.664
    2013.875    3935.806
    2013.958    3933.938
    2014.042    3932.113
    2014.125    3930.149
    2014.208    3928.245
    2014.292    3926.342
    2014.375    3924.378
    2014.458    3922.474
    2014.542    3920.691
    2014.625    3918.728
    2014.708    3916.823
    2014.792    3914.921
    2014.875    3913.017
    2014.958    3911.053
    2015.042    3909.063
    2015.125    3906.847
    2015.208    3904.816
    2015.292    3902.660
    2015.375    3900.569
    2015.458    3898.413
    2015.542    3896.212
    2015.625    3894.116
    2015.708    3891.965
    2015.792    3889.809
    2015.875    3887.778
    2015.958    3885.562
    2016.042    3883.373
    2016.125    3881.178
    2016.208    3878.989
    2016.292    3876.800
    2016.375    3874.606
    2016.458    3872.416
    2016.542    3870.240
    2016.625    3868.045
    2016.708    3865.856
    2016.792    3863.667
    2016.875    3861.472
    2016.958    3859.283
    2017.042    3857.028
    2017.125    3854.698
    2017.208    3852.431
    2017.292    3850.099
    2017.375    3847.766
    2017.458    3845.502
    2017.542    3843.170
    2017.625    3840.959
    2017.708    3838.573
    2017.792    3836.241
    2017.875    3834.031
    2017.958    3831.644
    2018.042    3829.339
    2018.125    3827.006
    2018.208    3824.673
    2018.292    3822.339
    2018.375    3820.006
    2018.458    3817.670
    2018.542    3815.396
    2018.625    3813.064
    2018.708    3810.727
    2018.792    3808.391
    2018.875    3806.061
    2018.958    3803.725
    2019.042    3801.375
    2019.125    3798.894
    2019.208    3796.587
    2019.292    3794.167
    2019.375    3791.741
    2019.458    3789.377
    2019.542    3786.950
    2019.625    3784.649
    2019.708    3782.167
    2019.792    3779.743
    2019.875    3777.436
    2019.958    3774.956
    2020.042    3772.528
    2020.125    3769.995
    2020.208    3767.465
    2020.292    3764.932
    2020.375    3762.395
    2020.458    3759.863
    2020.542    3757.438
    2020.625    3754.902
    2020.708    3752.368
    2020.792    3749.836
    2020.875    3747.302
    2020.958    3744.769
    2021.042    3742.345
    2021.125    3739.806
    2021.208    3737.205
    2021.292    3734.667
    2021.375    3732.128
    2021.458    3729.527
    2021.542    3727.108
    2021.625    3724.567
    2021.708    3721.965
    2021.792    3719.427
    2021.875    3716.888
    2021.958    3714.287
    2022.042    3711.851
    2022.125    3709.172
    2022.208    3706.554
    2022.292    3703.933
    2022.375    3701.254
    2022.458    3698.636
    2022.542    3696.183
    2022.625    3693.504
    2022.708    3690.885
    2022.792    3688.265
    2022.875    3685.645
    2022.958    3682.967
    2023.042    3680.341
    2023.125    3677.492
    2023.208    3674.702
    2023.292    3671.855
    2023.375    3668.944
    2023.458    3666.216
    2023.542    3663.417
    2023.625    3660.509
    2023.708    3657.778
    2023.792    3654.931
    2023.875    3652.023
    2023.958    3649.293
    2024.042    3646.614
    2024.125    3643.835
    2024.208    3641.113
    2024.292    3638.390
    2024.375    3635.668
    2024.458    3632.889
    2024.542    3630.331
    2024.625    3627.552
    2024.708    3624.830
    2024.792    3622.107
    2024.875    3619.328
    2024.958    3616.606
    2025.042    3613.974
    2025.125    3611.105
    2025.208    3608.170
    2025.292    3605.298
    2025.375    3602.423
    2025.458    3599.494
    2025.542    3596.788
    2025.625    3593.919
    2025.708    3590.983
    2025.792    3588.112
    2025.875    3585.237
    2025.958    3582.308
    2026.042    3579.538
    2026.125    3576.642
    2026.208    3573.735
    2026.292    3570.846
    2026.375    3567.939
    2026.458    3565.043
    2026.542    3562.210
    2026.625    3559.314
    2026.708    3556.411
    2026.792    3553.513
    2026.875    3550.610
    2026.958    3547.714
    2027.042    3544.881
    2027.125    3541.934
    2027.208    3538.929
    2027.292    3535.983
    2027.375    3532.979
    2027.458    3530.032
    2027.542    3527.197
    2027.625    3524.251
    2027.708    3521.246
    2027.792    3518.300
    2027.875    3515.292
    2027.958    3512.349
    2028.042    3509.477
    2028.125    3506.667
    2028.208    3503.753
    2028.292    3500.900
    2028.375    3498.033
    2028.458    3495.176
    2028.542    3492.263
    2028.625    3489.407
    2028.708    3486.539
    2028.792    3483.685
    2028.875    3480.819
    2028.958    3477.962
    2029.042    3475.058
    2029.125    3472.053
    2029.208    3468.987
    2029.292    3465.985
    2029.375    3462.920
    2029.458    3459.911
    2029.542    3457.017
    2029.625    3454.015
    2029.708    3450.946
    2029.792    3447.944
    2029.875    3444.877
    2029.958    3441.873
    2030.042    3438.902
    2030.125    3435.840
    2030.208    3432.673
    2030.292    3429.566
    2030.375    3426.447
    2030.458    3423.337
    2030.542    3420.290
    2030.625    3417.232
    2030.708    3414.062
    2030.792    3410.955
    2030.875    3407.836
    2030.958    3404.726
    2031.042    3401.677
    2031.125    3398.491
    2031.208    3395.258
    2031.292    3392.091
    2031.375    3388.902
    2031.458    3385.672
    2031.542    3382.622
    2031.625    3379.432
    2031.708    3376.203
    2031.792    3373.035
    2031.875    3369.849
    2031.958    3366.616
    2032.042    3363.591
    2032.125    3360.459
    2032.208    3357.274
    2032.292    3354.160
    2032.375    3350.974
    2032.458    3347.843
    2032.542    3344.846
    2032.625    3341.709
    2032.708    3338.529
    2032.792    3335.414
    2032.875    3332.282
    2032.958    3329.097
    2033.042    3326.084
    2033.125    3323.037
    2033.208    3319.945
    2033.292    3316.922
    2033.375    3313.829
    2033.458    3310.783
    2033.542    3307.754
    2033.625    3304.659
    2033.708    3301.616
    2033.792    3298.592
    2033.875    3295.498
    2033.958    3292.452
    2034.042    3289.422
    2034.125    3286.267
    2034.208    3283.162
    2034.292    3280.069
    2034.375    3276.916
    2034.458    3273.809
    2034.542    3270.778
    2034.625    3267.624
    2034.708    3264.519
    2034.792    3261.425
    2034.875    3258.272
    2034.958    3255.165
    2035.042    3252.130
    2035.125    3248.971
    2035.208    3245.858
    2035.292    3242.760
    2035.375    3239.597
    2035.458    3236.487
    2035.542    3233.449
    2035.625    3230.286
    2035.708    3227.176
    2035.792    3224.079
    2035.875    3220.921
    2035.958    3217.806
    2036.042    3214.804
    2036.125    3211.791
    2036.208    3208.826
    2036.292    3205.873
    2036.375    3202.904
    2036.458    3199.895
    2036.542    3196.930
    2036.625    3193.916
    2036.708    3190.952
    2036.792    3187.998
    2036.875    3185.034
    2036.958    3182.020
    2037.042    3179.023
    2037.125    3175.866
    2037.208    3172.761
    2037.292    3169.672
    2037.375    3166.518
    2037.458    3163.410
    2037.542    3160.381
    2037.625    3157.227
    2037.708    3154.119
    2037.792    3151.030
    2037.875    3147.917
    2037.958    3144.768
    2038.042    3141.790
    2038.125    3138.987
    2038.208    3136.113
    2038.292    3133.310
    2038.375    3130.497
    2038.458    3127.572
    2038.542    3124.769
    2038.625    3121.898
    2038.708    3119.091
    2038.792    3116.168
    2038.875    3113.351
    2038.958    3110.491
    2039.042    3107.637
    2039.125    3104.568
    2039.208    3101.542
    2039.292    3098.527
    2039.375    3095.501
    2039.458    3092.432
    2039.542    3089.525
    2039.625    3086.456
    2039.708    3083.430
    2039.792    3080.415
    2039.875    3077.389
    2039.958    3074.320
    2040.042    3071.433
    2040.125    3068.730
    2040.208    3065.861
    2040.292    3063.111
    2040.375    3060.290
    2040.458    3057.479
    2040.542    3054.671
    2040.625    3051.920
    2040.708    3049.099
    2040.792    3046.289
    2040.875    3043.588
    2040.958    3040.717
    2041.042    3037.990
    2041.125    3035.115
    2041.208    3032.291
    2041.292    3029.357
    2041.375    3026.530
    2041.458    3023.658
    2041.542    3020.952
    2041.625    3018.079
    2041.708    3015.252
    2041.792    3012.319
    2041.875    3009.494
    2041.958    3006.619
    2042.042    3003.868
    2042.125    3001.182
    2042.208    2998.447
    2042.292    2995.774
    2042.375    2993.087
    2042.458    2990.292
    2042.542    2987.616
    2042.625    2984.870
    2042.708    2982.195
    2042.792    2979.402
    2042.875    2976.667
    2042.958    2973.980
    2043.042    2971.326
    2043.125    2968.517
    2043.208    2965.763
    2043.292    2962.899
    2043.375    2960.143
    2043.458    2957.336
    2043.542    2954.701
    2043.625    2951.897
    2043.708    2949.141
    2043.792    2946.276
    2043.875    2943.521
    2043.958    2940.714
    2044.042    2938.119
    2044.125    2935.517
    2044.208    2932.960
    2044.292    2930.297
    2044.375    2927.743
    2044.458    2925.138
    2044.542    2922.583
    2044.625    2919.978
    2044.708    2917.424
    2044.792    2914.760
    2044.875    2912.207
    2044.958    2909.601
    2045.042    2907.052
    2045.125    2904.394
    2045.208    2901.784
    2045.292    2899.066
    2045.375    2896.405
    2045.458    2893.796
    2045.542    2891.253
    2045.625    2888.599
    2045.708    2885.985
    2045.792    2883.265
    2045.875    2880.606
    2045.958    2877.999
    2046.042    2875.487
    2046.125    2872.962
    2046.208    2870.485
    2046.292    2867.896
    2046.375    2865.422
    2046.458    2862.894
    2046.542    2860.415
    2046.625    2857.890
    2046.708    2855.414
    2046.792    2852.824
    2046.875    2850.351
    2046.958    2847.822
    2047.042    2845.357
    2047.125    2842.920
    2047.208    2840.532
    2047.292    2838.032
    2047.375    2835.646
    2047.458    2833.206
    2047.542    2830.754
    2047.625    2828.318
    2047.708    2825.929
    2047.792    2823.429
    2047.875    2821.044
    2047.958    2818.604
    2048.042    2816.188
    2048.125    2813.758
    2048.208    2811.373
    2048.292    2808.877
    2048.375    2806.492
    2048.458    2804.061
    2048.542    2801.682
    2048.625    2799.251
    2048.708    2796.867
    2048.792    2794.370
    2048.875    2791.986
    2048.958    2789.555
    2049.042    2787.190
    2049.125    2784.799
    2049.208    2782.452
    2049.292    2779.998
    2049.375    2777.655
    2049.458    2775.260
    2049.542    2772.911
    2049.625    2770.519
    2049.708    2768.173
    2049.792    2765.718
    2049.875    2763.372
    2049.958    2760.980
    2050.042    2758.703
    2050.125    2756.397
    2050.208    2754.201
    2050.292    2751.888
    2050.375    2749.690
    2050.458    2747.385
    2050.542    2745.181
    2050.625    2742.875
    2050.708    2740.678
    2050.792    2738.366
    2050.875    2736.167
    2050.958    2733.863
    2051.042    2731.609
    2051.125    2729.324
    2051.208    2727.086
    2051.292    2724.735
    2051.375    2722.494
    2051.458    2720.211
    2051.542    2717.909
    2051.625    2715.619
    2051.708    2713.385
    2051.792    2711.034
    2051.875    2708.793
    2051.958    2706.510
    2052.042    2704.206
    2052.125    2701.790
    2052.208    2699.423
    2052.292    2696.952
    2052.375    2694.585
    2052.458    2692.169
    2052.542    2689.865
    2052.625    2687.449
    2052.708    2685.082
    2052.792    2682.609
    2052.875    2680.240
    2052.958    2677.824
    2053.042    2675.638
    2053.125    2673.560
    2053.208    2671.489
    2053.292    2669.355
    2053.375    2667.285
    2053.458    2665.206
    2053.542    2663.133
    2053.625    2661.010
    2053.708    2658.987
    2053.792    2656.851
    2053.875    2654.785
    2053.958    2652.704
    2054.042    2650.631
    2054.125    2648.452
    2054.208    2646.380
    2054.292    2644.195
    2054.375    2642.125
    2054.458    2639.944
    2054.542    2637.871
    2054.625    2635.695
    2054.708    2633.619
    2054.792    2631.435
    2054.875    2629.365
    2054.958    2627.186
    2055.042    2625.133
    2055.125    2622.999
    2055.208    2620.967
    2055.292    2618.829
    2055.375    2616.803
    2055.458    2614.663
    2055.542    2612.633
    2055.625    2610.496
    2055.708    2608.467
    2055.792    2606.329
    2055.875    2604.303
    2055.958    2602.163
    2056.042    2600.176
    2056.125    2598.013
    2056.208    2595.942
    2056.292    2593.778
    2056.375    2591.715
    2056.458    2589.539
    2056.542    2587.604
    2056.625    2585.435
    2056.708    2583.368
    2056.792    2581.198
    2056.875    2579.137
    2056.958    2576.970
    2057.042    2575.020
    2057.125    2572.964
    2057.208    2571.017
    2057.292    2568.956
    2057.375    2567.011
    2057.458    2564.953
    2057.542    2563.003
    2057.625    2560.948
    2057.708    2559.001
    2057.792    2556.939
    2057.875    2554.994
    2057.958    2552.937
    2058.042    2551.012
    2058.125    2549.066
    2058.208    2547.222
    2058.292    2545.275
    2058.375    2543.387
    2058.458    2541.485
    2058.542    2539.590
    2058.625    2537.642
    2058.708    2535.800
    2058.792    2533.849
    2058.875    2532.004
    2058.958    2530.055
    2059.042    2528.202
    2059.125    2526.396
    2059.208    2524.579
    2059.292    2522.721
    2059.375    2520.966
    2059.458    2519.096
    2059.542    2517.284
    2059.625    2515.420
    2059.708    2513.661
    2059.792    2511.802
    2059.875    2509.985
    2059.958    2508.178
    2060.042    2506.359
    2060.125    2504.432
    2060.208    2502.606
    2060.292    2500.675
    2060.375    2498.853
    2060.458    2496.923
    2060.542    2495.100
    2060.625    2493.172
    2060.708    2491.347
    2060.792    2489.416
    2060.875    2487.594
    2060.958    2485.663
    2061.042    2483.889
    2061.125    2482.050
    2061.208    2480.199
    2061.292    2478.303
    2061.375    2476.511
    2061.458    2474.612
    2061.542    2472.887
    2061.625    2471.048
    2061.708    2469.196
    2061.792    2467.300
    2061.875    2465.449
    2061.958    2463.609
    2062.042    2461.866
    2062.125    2460.062
    2062.208    2458.358
    2062.292    2456.554
    2062.375    2454.789
    2062.458    2453.043
    2062.542    2451.284
    2062.625    2449.479
    2062.708    2447.774
    2062.792    2445.970
    2062.875    2444.265
    2062.958    2442.462
    2063.042    2440.736
    2063.125    2439.051
    2063.208    2437.467
    2063.292    2435.784
    2063.375    2434.091
    2063.458    2432.514
    2063.542    2430.828
    2063.625    2429.139
    2063.708    2427.556
    2063.792    2425.869
    2063.875    2424.180
    2063.958    2422.600
    2064.042    2420.933
    2064.125    2419.236
    2064.208    2417.647
    2064.292    2415.949
    2064.375    2414.361
    2064.458    2412.662
    2064.542    2411.013
    2064.625    2409.375
    2064.708    2407.726
    2064.792    2406.029
    2064.875    2404.440
    2064.958    2402.742
    2065.042    2401.098
    2065.125    2399.414
    2065.208    2397.834
    2065.292    2396.149
    2065.375    2394.570
    2065.458    2392.886
    2065.542    2391.246
    2065.625    2389.623
    2065.708    2387.983
    2065.792    2386.298
    2065.875    2384.719
    2065.958    2383.035
    2066.042    2381.404
    2066.125    2379.791
    2066.208    2378.171
    2066.292    2376.504
    2066.375    2374.943
    2066.458    2373.271
    2066.542    2371.649
    2066.625    2369.981
    2066.708    2368.416
    2066.792    2366.749
    2066.875    2365.126
    2066.958    2363.516
    2067.042    2361.938
    2067.125    2360.288
    2067.208    2358.744
    2067.292    2357.086
    2067.375    2355.436
    2067.458    2353.893
    2067.542    2352.358
    2067.625    2350.768
    2067.708    2349.164
    2067.792    2347.506
    2067.875    2345.964
    2067.958    2344.313
    2068.042    2342.834
    2068.125    2341.309
    2068.208    2339.828
    2068.292    2338.299
    2068.375    2336.820
    2068.458    2335.292
    2068.542    2333.871
    2068.625    2332.346
    2068.708    2330.865
    2068.792    2329.335
    2068.875    2327.858
    2068.958    2326.329
    2069.042    2324.862
    2069.125    2323.299
    2069.208    2321.849
    2069.292    2320.287
    2069.375    2318.777
    2069.458    2317.274
    2069.542    2315.761
    2069.625    2314.260
    2069.708    2312.748
    2069.792    2311.186
    2069.875    2309.733
    2069.958    2308.174
    2070.042    2306.730
    2070.125    2305.251
    2070.208    2303.821
    2070.292    2302.341
    2070.375    2300.910
    2070.458    2299.432
    2070.542    2298.058
    2070.625    2296.579
    2070.708    2295.149
    2070.792    2293.669
    2070.875    2292.236
    2070.958    2290.760
    2071.042    2289.351
    2071.125    2287.913
    2071.208    2286.581
    2071.292    2285.135
    2071.375    2283.699
    2071.458    2282.365
    2071.542    2280.921
    2071.625    2279.531
    2071.708    2278.151
    2071.792    2276.705
    2071.875    2275.269
    2071.958    2273.935
    2072.042    2272.575
    2072.125    2271.200
    2072.208    2269.872
    2072.292    2268.489
    2072.375    2267.162
    2072.458    2265.782
    2072.542    2264.510
    2072.625    2263.134
    2072.708    2261.805
    2072.792    2260.422
    2072.875    2259.093
    2072.958    2257.715
    2073.042    2256.433
    2073.125    2255.095
    2073.208    2253.796
    2073.292    2252.448
    2073.375    2251.106
    2073.458    2249.811
    2073.542    2248.520
    2073.625    2247.181
    2073.708    2245.883
    2073.792    2244.535
    2073.875    2243.241
    2073.958    2241.897
    2074.042    2240.614
    2074.125    2239.229
    2074.208    2237.896
    2074.292    2236.514
    2074.375    2235.179
    2074.458    2233.795
    2074.542    2232.521
    2074.625    2231.140
    2074.708    2229.805
    2074.792    2228.422
    2074.875    2227.086
    2074.958    2225.706
    2075.042    2224.442
    2075.125    2223.084
    2075.208    2221.779
    2075.292    2220.415
    2075.375    2219.109
    2075.458    2217.752
    2075.542    2216.502
    2075.625    2215.145
    2075.708    2213.839
    2075.792    2212.475
    2075.875    2211.170
    2075.958    2209.814
    2076.042    2208.591
    2076.125    2207.395
    2076.208    2206.152
    2076.292    2204.902
    2076.375    2203.658
    2076.458    2202.460
    2076.542    2201.270
    2076.625    2200.075
    2076.708    2198.830
    2076.792    2197.579
    2076.875    2196.336
    2076.958    2195.138
    2077.042    2193.953
    2077.125    2192.677
    2077.208    2191.445
    2077.292    2190.160
    2077.375    2188.928
    2077.458    2187.649
    2077.542    2186.469
    2077.625    2185.194
    2077.708    2183.962
    2077.792    2182.675
    2077.875    2181.443
    2077.958    2180.166
    2078.042    2178.989
    2078.125    2177.685
    2078.208    2176.328
    2078.292    2174.971
    2078.375    2173.664
    2078.458    2172.309
    2078.542    2171.134
    2078.625    2169.830
    2078.708    2168.473
    2078.792    2167.115
    2078.875    2165.759
    2078.958    2164.452
    2079.042    2163.283
    2079.125    2162.023
    2079.208    2160.813
    2079.292    2159.543
    2079.375    2158.332
    2079.458    2157.069
    2079.542    2155.910
    2079.625    2154.650
    2079.708    2153.440
    2079.792    2152.168
    2079.875    2150.957
    2079.958    2149.696
    2080.042    2148.585
    2080.125    2147.454
    2080.208    2146.372
    2080.292    2145.246
    2080.375    2144.116
    2080.458    2143.030
    2080.542    2141.970
    2080.625    2140.886
    2080.708    2139.750
    2080.792    2138.628
    2080.875    2137.546
    2080.958    2136.412
    2081.042    2135.333
    2081.125    2134.132
    2081.208    2132.975
    2081.292    2131.771
    2081.375    2130.615
    2081.458    2129.413
    2081.542    2128.317
    2081.625    2127.116
    2081.708    2125.959
    2081.792    2124.755
    2081.875    2123.601
    2081.958    2122.397
    2082.042    2121.292
    2082.125    2120.132
    2082.208    2119.011
    2082.292    2117.843
    2082.375    2116.674
    2082.458    2115.560
    2082.542    2114.453
    2082.625    2113.336
    2082.708    2112.168
    2082.792    2110.999
    2082.875    2109.882
    2082.958    2108.719
    2083.042    2107.642
    2083.125    2106.547
    2083.208    2105.507
    2083.292    2104.413
    2083.375    2103.365
    2083.458    2102.274
    2083.542    2101.231
    2083.625    2100.140
    2083.708    2099.100
    2083.792    2098.002
    2083.875    2096.959
    2083.958    2095.871
    2084.042    2094.830
    2084.125    2093.721
    2084.208    2092.666
    2084.292    2091.567
    2084.375    2090.507
    2084.458    2089.403
    2084.542    2088.367
    2084.625    2087.259
    2084.708    2086.207
    2084.792    2085.100
    2084.875    2084.000
    2084.958    2082.940
    2085.042    2081.918
    2085.125    2080.851
    2085.208    2079.829
    2085.292    2078.768
    2085.375    2077.750
    2085.458    2076.679
    2085.542    2075.679
    2085.625    2074.612
    2085.708    2073.590
    2085.792    2072.527
    2085.875    2071.510
    2085.958    2070.443
    2086.042    2069.416
    2086.125    2068.330
    2086.208    2067.289
    2086.292    2066.201
    2086.375    2065.163
    2086.458    2064.074
    2086.542    2063.034
    2086.625    2061.948
    2086.708    2060.908
    2086.792    2059.819
    2086.875    2058.781
    2086.958    2057.692
    2087.042    2056.698
    2087.125    2055.685
    2087.208    2054.725
    2087.292    2053.724
    2087.375    2052.756
    2087.458    2051.743
    2087.542    2050.799
    2087.625    2049.787
    2087.708    2048.830
    2087.792    2047.823
    2087.875    2046.863
    2087.958    2045.848
    2088.042    2044.882
    2088.125    2043.875
    2088.208    2042.818
    2088.292    2041.767
    2088.375    2040.709
    2088.458    2039.702
    2088.542    2038.710
    2088.625    2037.703
    2088.708    2036.654
    2088.792    2035.595
    2088.875    2034.541
    2088.958    2033.534
    2089.042    2032.568
    2089.125    2031.580
    2089.208    2030.635
    2089.292    2029.651
    2089.375    2028.713
    2089.458    2027.714
    2089.542    2026.779
    2089.625    2025.786
    2089.708    2024.848
    2089.792    2023.855
    2089.875    2022.921
    2089.958    2021.922
    2090.042    2020.979
    2090.125    2020.005
    2090.208    2018.981
    2090.292    2017.961
    2090.375    2016.941
    2090.458    2015.966
    2090.542    2015.010
    2090.625    2014.041
    2090.708    2013.016
    2090.792    2011.992
    2090.875    2010.972
    2090.958    2010.002
    2091.042    2009.078
    2091.125    2008.189
    2091.208    2007.350
    2091.292    2006.473
    2091.375    2005.580
    2091.458    2004.741
    2091.542    2003.864
    2091.625    2003.023
    2091.708    2002.135
    2091.792    2001.253
    2091.875    2000.365
    2091.958    1999.524
    2092.042    1998.626
    2092.125    1997.748
    2092.208    1996.819
    2092.292    1995.899
    2092.375    1994.970
    2092.458    1994.092
    2092.542    1993.173
    2092.625    1992.295
    2092.708    1991.365
    2092.792    1990.443
    2092.875    1989.566
    2092.958    1988.639
    2093.042    1987.721
    2093.125    1986.706
    2093.208    1985.736
    2093.292    1984.722
    2093.375    1983.757
    2093.458    1982.736
    2093.542    1981.823
    2093.625    1980.806
    2093.708    1979.841
    2093.792    1978.827
    2093.875    1977.859
    2093.958    1976.842
    2094.042    1975.955
    2094.125    1975.141
    2094.208    1974.277
    2094.292    1973.422
    2094.375    1972.606
    2094.458    1971.742
    2094.542    1970.890
    2094.625    1970.027
    2094.708    1969.212
    2094.792    1968.352
    2094.875    1967.537
    2094.958    1966.674
    2095.042    1965.816
    2095.125    1964.890
    2095.208    1964.014
    2095.292    1963.098
    2095.375    1962.221
    2095.458    1961.294
    2095.542    1960.435
    2095.625    1959.509
    2095.708    1958.631
    2095.792    1957.712
    2095.875    1956.791
    2095.958    1955.913
    2096.042    1955.049
    2096.125    1954.179
    2096.208    1953.359
    2096.292    1952.495
    2096.375    1951.673
    2096.458    1950.805
    2096.542    1949.941
    2096.625    1949.072
    2096.708    1948.251
    2096.792    1947.387
    2096.875    1946.566
    2096.958    1945.697
    2097.042    1944.854
    2097.125    1944.031
    2097.208    1943.260
    2097.292    1942.444
    2097.375    1941.668
    2097.458    1940.845
    2097.542    1940.029
    2097.625    1939.206
    2097.708    1938.430
    2097.792    1937.614
    2097.875    1936.792
    2097.958    1936.018
    2098.042    1935.200
    2098.125    1934.368
    2098.208    1933.487
    2098.292    1932.607
    2098.375    1931.776
    2098.458    1930.894
    2098.542    1930.080
    2098.625    1929.195
    2098.708    1928.364
    2098.792    1927.484
    2098.875    1926.653
    2098.958    1925.771
    2099.042    1924.956
    2099.125    1924.143
    2099.208    1923.379
    2099.292    1922.568
    2099.375    1921.804
    2099.458    1920.985
    2099.542    1920.176
    2099.625    1919.357
    2099.708    1918.596
    2099.792    1917.785
    2099.875    1916.968
    2099.958    1916.205
