Total solar irradiance. Provided by B. Swartz Bill <Swartz@jhuapl.edu> 
Month - TSI [W/m2]
     1882.038    1361.036
    1882.123    1360.945
    1882.200    1360.765
    1882.285    1360.208
    1882.367    1360.185
    1882.452    1360.688
    1882.534    1360.856
    1882.619    1360.680
    1882.704    1360.506
    1882.786    1360.242
    1882.871    1359.933
    1882.953    1361.059
    1883.038    1360.780
    1883.123    1360.780
    1883.200    1360.870
    1883.285    1360.630
    1883.367    1361.098
    1883.452    1360.409
    1883.534    1360.149
    1883.619    1360.995
    1883.704    1360.678
    1883.786    1360.490
    1883.871    1360.675
    1883.953    1360.857
    1884.038    1360.837
    1884.123    1360.890
    1884.202    1360.990
    1884.287    1360.637
    1884.369    1360.865
    1884.453    1361.212
    1884.536    1361.048
    1884.620    1360.959
    1884.705    1360.727
    1884.787    1360.667
    1884.872    1360.964
    1884.953    1360.729
    1885.038    1361.006
    1885.123    1360.744
    1885.200    1360.791
    1885.285    1360.729
    1885.367    1360.880
    1885.452    1360.375
    1885.534    1360.739
    1885.619    1360.899
    1885.704    1360.788
    1885.786    1360.721
    1885.871    1360.813
    1885.953    1360.858
    1886.038    1360.606
    1886.123    1360.793
    1886.200    1360.476
    1886.285    1360.747
    1886.367    1360.551
    1886.452    1360.744
    1886.534    1360.639
    1886.619    1360.805
    1886.704    1360.711
    1886.786    1360.673
    1886.871    1360.622
    1886.953    1360.567
    1887.038    1360.674
    1887.123    1360.714
    1887.200    1360.675
    1887.285    1360.663
    1887.367    1360.623
    1887.452    1360.635
    1887.534    1360.637
    1887.619    1360.697
    1887.704    1360.579
    1887.786    1360.623
    1887.871    1360.645
    1887.953    1360.349
    1888.038    1360.661
    1888.123    1360.586
    1888.202    1360.576
    1888.287    1360.633
    1888.369    1360.502
    1888.453    1360.604
    1888.536    1360.607
    1888.620    1360.616
    1888.705    1360.605
    1888.787    1360.611
    1888.872    1360.475
    1888.953    1360.572
    1889.038    1360.572
    1889.123    1360.578
    1889.200    1360.620
    1889.285    1360.585
    1889.367    1360.578
    1889.452    1360.482
    1889.534    1360.598
    1889.619    1360.570
    1889.704    1360.606
    1889.786    1360.587
    1889.871    1360.569
    1889.953    1360.586
    1890.038    1360.611
    1890.123    1360.588
    1890.200    1360.565
    1890.285    1360.600
    1890.367    1360.636
    1890.452    1360.624
    1890.534    1360.622
    1890.619    1360.595
    1890.704    1360.638
    1890.786    1360.569
    1890.871    1360.544
    1890.953    1360.676
    1891.038    1360.683
    1891.123    1360.744
    1891.200    1360.812
    1891.285    1360.794
    1891.367    1360.899
    1891.452    1360.915
    1891.534    1360.719
    1891.619    1361.011
    1891.704    1360.532
    1891.786    1360.927
    1891.871    1360.856
    1891.953    1360.925
    1892.038    1360.814
    1892.123    1360.340
    1892.202    1360.978
    1892.287    1360.975
    1892.369    1360.682
    1892.453    1361.090
    1892.536    1360.452
    1892.620    1360.883
    1892.705    1361.026
    1892.787    1360.974
    1892.872    1360.932
    1892.953    1361.168
    1893.038    1360.845
    1893.123    1360.808
    1893.200    1361.104
    1893.285    1361.162
    1893.367    1361.366
    1893.452    1361.158
    1893.534    1361.117
    1893.619    1360.811
    1893.704    1360.836
    1893.786    1361.087
    1893.871    1361.042
    1893.953    1360.657
    1894.038    1361.217
    1894.123    1361.167
    1894.200    1361.433
    1894.285    1360.862
    1894.367    1360.982
    1894.452    1361.036
    1894.534    1361.148
    1894.619    1361.127
    1894.704    1361.428
    1894.786    1360.903
    1894.871    1361.312
    1894.953    1361.035
    1895.038    1361.099
    1895.123    1361.247
    1895.200    1361.082
    1895.285    1361.139
    1895.367    1361.160
    1895.452    1360.949
    1895.534    1361.342
    1895.619    1360.662
    1895.704    1360.962
    1895.786    1360.638
    1895.871    1361.054
    1895.953    1360.962
    1896.038    1361.191
    1896.123    1360.808
    1896.202    1360.975
    1896.287    1360.954
    1896.369    1360.938
    1896.453    1360.620
    1896.536    1360.911
    1896.620    1360.898
    1896.705    1360.411
    1896.787    1360.935
    1896.872    1360.816
    1896.953    1360.835
    1897.038    1360.321
    1897.123    1360.533
    1897.200    1360.849
    1897.285    1360.933
    1897.367    1360.652
    1897.452    1360.768
    1897.534    1360.931
    1897.619    1360.764
    1897.704    1360.689
    1897.786    1360.911
    1897.871    1360.801
    1897.953    1360.543
    1898.038    1360.875
    1898.123    1360.706
    1898.200    1360.586
    1898.285    1360.778
    1898.367    1360.803
    1898.452    1360.867
    1898.534    1360.777
    1898.619    1360.630
    1898.704    1360.391
    1898.786    1360.595
    1898.871    1360.768
    1898.953    1360.711
    1899.038    1360.687
    1899.123    1360.717
    1899.200    1360.589
    1899.285    1360.709
    1899.367    1360.727
    1899.452    1360.654
    1899.534    1360.656
    1899.619    1360.636
    1899.704    1360.611
    1899.786    1360.627
    1899.871    1360.678
    1899.953    1360.708
    1900.038    1360.680
    1900.123    1360.656
    1900.200    1360.622
    1900.285    1360.717
    1900.367    1360.640
    1900.452    1360.669
    1900.534    1360.667
    1900.619    1360.646
    1900.704    1360.669
    1900.786    1360.599
    1900.871    1360.625
    1900.953    1360.581
    1901.038    1360.569
    1901.123    1360.582
    1901.200    1360.601
    1901.285    1360.589
    1901.367    1360.477
    1901.452    1360.635
    1901.534    1360.604
    1901.619    1360.582
    1901.704    1360.581
    1901.786    1360.604
    1901.871    1360.621
    1901.953    1360.612
    1902.038    1360.550
    1902.123    1360.611
    1902.200    1360.528
    1902.285    1360.612
    1902.367    1360.607
    1902.452    1360.627
    1902.534    1360.614
    1902.619    1360.625
    1902.704    1360.656
    1902.786    1360.654
    1902.871    1360.610
    1902.953    1360.656
    1903.038    1360.720
    1903.123    1360.807
    1903.200    1360.752
    1903.285    1360.738
    1903.367    1360.872
    1903.452    1360.841
    1903.534    1360.823
    1903.619    1360.934
    1903.704    1360.867
    1903.786    1360.322
    1903.871    1360.618
    1903.953    1361.029
    1904.038    1360.932
    1904.123    1360.829
    1904.202    1361.034
    1904.287    1360.709
    1904.369    1361.250
    1904.453    1361.111
    1904.536    1361.058
    1904.620    1361.008
    1904.705    1361.157
    1904.787    1361.021
    1904.872    1361.206
    1904.953    1361.119
    1905.038    1360.986
    1905.123    1360.299
    1905.200    1360.467
    1905.285    1361.061
    1905.367    1360.938
    1905.452    1360.994
    1905.534    1360.571
    1905.619    1360.914
    1905.704    1361.195
    1905.786    1360.150
    1905.871    1360.584
    1905.953    1361.186
    1906.038    1360.944
    1906.123    1361.096
    1906.200    1360.880
    1906.285    1361.098
    1906.367    1360.834
    1906.452    1361.222
    1906.534    1361.067
    1906.619    1361.154
    1906.704    1361.153
    1906.786    1361.090
    1906.871    1360.892
    1906.953    1360.903
    1907.038    1361.068
    1907.123    1360.296
    1907.200    1361.232
    1907.285    1361.035
    1907.367    1360.887
    1907.452    1360.586
    1907.534    1360.728
    1907.619    1361.123
    1907.704    1360.875
    1907.786    1360.954
    1907.871    1360.893
    1907.953    1360.756
    1908.038    1361.113
    1908.123    1361.198
    1908.202    1361.203
    1908.287    1361.066
    1908.369    1361.218
    1908.453    1360.982
    1908.536    1361.224
    1908.620    1360.366
    1908.705    1360.471
    1908.787    1361.139
    1908.872    1360.782
    1908.953    1360.957
    1909.038    1360.613
    1909.123    1360.923
    1909.200    1360.759
    1909.285    1360.910
    1909.367    1360.811
    1909.452    1360.896
    1909.534    1360.721
    1909.619    1361.066
    1909.704    1360.786
    1909.786    1360.883
    1909.871    1360.929
    1909.953    1360.896
    1910.038    1360.972
    1910.123    1360.624
    1910.200    1360.812
    1910.285    1360.840
    1910.367    1360.744
    1910.452    1360.827
    1910.534    1360.734
    1910.619    1360.738
    1910.704    1360.746
    1910.786    1360.659
    1910.871    1360.771
    1910.953    1360.688
    1911.038    1360.670
    1911.123    1360.681
    1911.200    1360.734
    1911.285    1360.742
    1911.367    1360.776
    1911.452    1360.700
    1911.534    1360.687
    1911.619    1360.672
    1911.704    1360.636
    1911.786    1360.643
    1911.871    1360.629
    1911.953    1360.639
    1912.038    1360.615
    1912.123    1360.620
    1912.202    1360.627
    1912.287    1360.610
    1912.369    1360.657
    1912.453    1360.650
    1912.536    1360.656
    1912.620    1360.652
    1912.705    1360.682
    1912.787    1360.630
    1912.872    1360.641
    1912.953    1360.616
    1913.038    1360.659
    1913.123    1360.656
    1913.200    1360.638
    1913.285    1360.634
    1913.367    1360.621
    1913.452    1360.622
    1913.534    1360.637
    1913.619    1360.629
    1913.704    1360.639
    1913.786    1360.658
    1913.871    1360.656
    1913.953    1360.653
    1914.038    1360.678
    1914.123    1360.678
    1914.200    1360.713
    1914.285    1360.637
    1914.367    1360.765
    1914.452    1360.677
    1914.534    1360.742
    1914.619    1360.611
    1914.704    1360.674
    1914.786    1360.839
    1914.871    1360.860
    1914.953    1360.923
    1915.038    1361.002
    1915.123    1360.913
    1915.200    1361.167
    1915.285    1360.731
    1915.367    1361.010
    1915.452    1360.843
    1915.534    1360.838
    1915.619    1360.966
    1915.704    1361.010
    1915.786    1361.008
    1915.871    1361.218
    1915.953    1361.225
    1916.038    1361.238
    1916.123    1361.242
    1916.202    1361.075
    1916.287    1361.250
    1916.369    1361.114
    1916.453    1361.061
    1916.536    1361.298
    1916.620    1361.366
    1916.705    1361.331
    1916.787    1361.133
    1916.872    1361.333
    1916.953    1361.292
    1917.038    1361.254
    1917.123    1360.936
    1917.200    1361.345
    1917.285    1361.418
    1917.367    1361.274
    1917.452    1361.499
    1917.534    1361.599
    1917.619    1360.977
    1917.704    1361.462
    1917.786    1361.542
    1917.871    1361.562
    1917.953    1361.089
    1918.038    1361.209
    1918.123    1361.466
    1918.200    1361.424
    1918.285    1361.392
    1918.367    1361.446
    1918.452    1361.578
    1918.534    1361.372
    1918.619    1361.057
    1918.704    1361.420
    1918.786    1361.242
    1918.871    1361.323
    1918.953    1361.049
    1919.038    1361.181
    1919.123    1360.812
    1919.200    1360.937
    1919.285    1361.195
    1919.367    1360.809
    1919.452    1361.060
    1919.534    1361.533
    1919.619    1360.998
    1919.704    1361.043
    1919.786    1361.087
    1919.871    1360.904
    1919.953    1361.215
    1920.038    1360.518
    1920.123    1361.192
    1920.202    1360.521
    1920.287    1361.029
    1920.369    1361.216
    1920.453    1361.075
    1920.536    1361.014
    1920.620    1361.051
    1920.705    1360.673
    1920.787    1360.991
    1920.872    1360.834
    1920.953    1360.935
    1921.038    1360.891
    1921.123    1360.968
    1921.200    1360.921
    1921.285    1360.972
    1921.367    1360.708
    1921.452    1360.934
    1921.534    1360.851
    1921.619    1360.867
    1921.704    1360.805
    1921.786    1360.780
    1921.871    1360.638
    1921.953    1360.691
    1922.038    1360.936
    1922.123    1360.754
    1922.200    1360.370
    1922.285    1360.963
    1922.367    1360.766
    1922.452    1360.827
    1922.534    1360.751
    1922.619    1360.758
    1922.704    1360.775
    1922.786    1360.810
    1922.871    1360.759
    1922.953    1360.551
    1923.038    1360.773
    1923.123    1360.738
    1923.200    1360.729
    1923.285    1360.767
    1923.367    1360.762
    1923.452    1360.746
    1923.534    1360.755
    1923.619    1360.767
    1923.704    1360.797
    1923.786    1360.841
    1923.871    1360.793
    1923.953    1360.762
    1924.038    1360.722
    1924.123    1360.687
    1924.202    1360.749
    1924.287    1360.752
    1924.369    1360.908
    1924.453    1360.833
    1924.536    1360.949
    1924.620    1360.894
    1924.705    1360.837
    1924.787    1360.852
    1924.872    1360.674
    1924.953    1360.899
    1925.038    1360.900
    1925.123    1360.866
    1925.200    1360.931
    1925.285    1361.205
    1925.367    1361.024
    1925.452    1361.188
    1925.534    1361.187
    1925.619    1361.178
    1925.704    1361.405
    1925.786    1361.057
    1925.871    1360.778
    1925.953    1359.980
    1926.038    1360.479
    1926.123    1360.754
    1926.200    1360.942
    1926.285    1361.433
    1926.367    1361.040
    1926.452    1361.025
    1926.534    1361.178
    1926.619    1361.251
    1926.704    1360.978
    1926.786    1360.979
    1926.871    1361.448
    1926.953    1361.081
    1927.038    1360.815
    1927.123    1361.366
    1927.200    1361.705
    1927.285    1361.413
    1927.367    1361.532
    1927.452    1361.241
    1927.534    1361.184
    1927.619    1361.048
    1927.704    1361.119
    1927.786    1361.357
    1927.871    1361.081
    1927.953    1361.251
    1928.038    1360.885
    1928.123    1361.317
    1928.202    1361.067
    1928.287    1361.208
    1928.369    1361.093
    1928.453    1361.178
    1928.536    1360.946
    1928.620    1361.342
    1928.705    1360.520
    1928.787    1361.216
    1928.872    1361.302
    1928.953    1361.044
    1929.038    1361.086
    1929.123    1361.258
    1929.200    1360.959
    1929.285    1361.093
    1929.367    1361.262
    1929.452    1361.298
    1929.534    1361.409
    1929.619    1361.502
    1929.704    1361.488
    1929.786    1360.671
    1929.871    1360.343
    1929.953    1360.280
    1930.038    1361.330
    1930.123    1361.366
    1930.200    1360.994
    1930.285    1361.059
    1930.367    1361.072
    1930.452    1361.150
    1930.534    1361.219
    1930.619    1361.088
    1930.704    1361.139
    1930.786    1360.761
    1930.871    1360.843
    1930.953    1361.173
    1931.038    1361.097
    1931.123    1360.738
    1931.200    1360.943
    1931.285    1361.123
    1931.367    1361.054
    1931.452    1360.995
    1931.534    1361.069
    1931.619    1361.044
    1931.704    1361.057
    1931.786    1360.970
    1931.871    1360.877
    1931.953    1360.934
    1932.038    1360.973
    1932.123    1360.888
    1932.202    1360.895
    1932.287    1360.825
    1932.369    1360.898
    1932.453    1360.888
    1932.536    1360.946
    1932.620    1360.884
    1932.705    1360.893
    1932.787    1360.906
    1932.872    1360.862
    1932.953    1360.807
    1933.038    1360.891
    1933.123    1360.589
    1933.200    1360.844
    1933.285    1360.858
    1933.367    1360.855
    1933.452    1360.845
    1933.534    1360.847
    1933.619    1360.817
    1933.704    1360.835
    1933.786    1360.806
    1933.871    1360.813
    1933.953    1360.816
    1934.038    1360.840
    1934.123    1360.898
    1934.200    1360.901
    1934.285    1360.784
    1934.367    1360.823
    1934.452    1360.891
    1934.534    1360.928
    1934.619    1360.888
    1934.704    1360.887
    1934.786    1360.920
    1934.871    1360.912
    1934.953    1360.995
    1935.038    1360.982
    1935.123    1361.039
    1935.200    1361.076
    1935.285    1361.056
    1935.367    1361.091
    1935.452    1361.037
    1935.534    1361.092
    1935.619    1361.226
    1935.704    1361.314
    1935.786    1361.392
    1935.871    1360.847
    1935.953    1360.804
    1936.038    1360.840
    1936.123    1361.363
    1936.202    1361.442
    1936.287    1361.479
    1936.369    1361.631
    1936.453    1361.469
    1936.536    1361.540
    1936.620    1361.516
    1936.705    1361.723
    1936.787    1361.672
    1936.872    1361.186
    1936.953    1361.642
    1937.038    1361.472
    1937.123    1361.632
    1937.200    1361.841
    1937.285    1361.010
    1937.367    1361.199
    1937.452    1360.959
    1937.534    1360.699
    1937.619    1361.425
    1937.704    1361.767
    1937.786    1360.792
    1937.871    1361.796
    1937.953    1361.422
    1938.038    1360.927
    1938.123    1361.213
    1938.200    1361.334
    1938.285    1361.016
    1938.367    1361.249
    1938.452    1361.810
    1938.534    1360.881
    1938.619    1361.924
    1938.704    1361.353
    1938.786    1361.208
    1938.871    1360.955
    1938.953    1361.242
    1939.038    1361.563
    1939.123    1361.556
    1939.200    1361.748
    1939.285    1361.244
    1939.367    1361.725
    1939.452    1361.914
    1939.534    1361.009
    1939.619    1360.707
    1939.704    1360.252
    1939.786    1360.942
    1939.871    1361.127
    1939.953    1361.410
    1940.038    1360.867
    1940.123    1361.121
    1940.202    1361.053
    1940.287    1361.591
    1940.369    1361.404
    1940.453    1361.155
    1940.536    1361.548
    1940.620    1360.773
    1940.705    1361.253
    1940.787    1361.122
    1940.872    1361.495
    1940.953    1361.382
    1941.038    1361.419
    1941.123    1361.345
    1941.200    1361.299
    1941.285    1361.245
    1941.367    1361.355
    1941.452    1361.102
    1941.534    1361.107
    1941.619    1361.228
    1941.704    1360.830
    1941.786    1360.951
    1941.871    1361.071
    1941.953    1361.246
    1942.038    1361.260
    1942.123    1360.902
    1942.200    1361.015
    1942.285    1361.008
    1942.367    1361.270
    1942.452    1361.120
    1942.534    1361.009
    1942.619    1361.073
    1942.704    1361.164
    1942.786    1361.110
    1942.871    1360.948
    1942.953    1361.140
    1943.038    1361.155
    1943.123    1360.766
    1943.200    1360.798
    1943.285    1360.672
    1943.367    1360.993
    1943.452    1361.062
    1943.534    1360.935
    1943.619    1361.104
    1943.704    1360.944
    1943.786    1360.875
    1943.871    1360.982
    1943.953    1360.901
    1944.038    1360.979
    1944.123    1360.957
    1944.202    1360.914
    1944.287    1360.939
    1944.369    1360.944
    1944.453    1360.984
    1944.536    1361.026
    1944.620    1361.118
    1944.705    1360.988
    1944.787    1361.097
    1944.872    1361.083
    1944.953    1360.996
    1945.038    1361.209
    1945.123    1361.171
    1945.200    1360.911
    1945.285    1361.011
    1945.367    1361.346
    1945.452    1361.335
    1945.534    1361.244
    1945.619    1361.276
    1945.704    1361.301
    1945.786    1361.134
    1945.871    1361.592
    1945.953    1361.394
    1946.038    1361.054
    1946.123    1360.342
    1946.200    1361.410
    1946.285    1361.418
    1946.367    1361.530
    1946.452    1361.846
    1946.534    1360.489
    1946.619    1361.004
    1946.704    1361.346
    1946.786    1361.853
    1946.871    1361.599
    1946.953    1361.027
    1947.038    1361.317
    1947.123    1360.878
    1947.200    1360.582
    1947.285    1360.637
    1947.367    1361.085
    1947.452    1362.278
    1947.534    1361.823
    1947.619    1361.217
    1947.704    1362.024
    1947.786    1361.760
    1947.871    1362.086
    1947.953    1361.834
    1948.038    1362.206
    1948.123    1361.983
    1948.202    1361.870
    1948.287    1361.085
    1948.369    1361.105
    1948.453    1361.335
    1948.536    1361.791
    1948.620    1361.793
    1948.705    1361.702
    1948.787    1361.784
    1948.872    1362.039
    1948.953    1361.141
    1949.038    1361.513
    1949.123    1360.746
    1949.200    1361.250
    1949.285    1362.013
    1949.367    1362.046
    1949.452    1361.667
    1949.534    1361.634
    1949.619    1361.213
    1949.704    1361.448
    1949.786    1361.556
    1949.871    1361.418
    1949.953    1361.802
    1950.038    1361.632
    1950.123    1361.130
    1950.200    1361.562
    1950.285    1360.715
    1950.367    1361.365
    1950.452    1361.490
    1950.534    1361.332
    1950.619    1361.300
    1950.704    1361.555
    1950.786    1361.431
    1950.871    1361.201
    1950.953    1361.278
    1951.038    1361.055
    1951.123    1361.347
    1951.200    1361.259
    1951.285    1360.795
    1951.367    1360.187
    1951.452    1360.325
    1951.534    1361.408
    1951.619    1361.398
    1951.704    1361.259
    1951.786    1361.271
    1951.871    1361.377
    1951.953    1361.145
    1952.038    1361.169
    1952.123    1361.105
    1952.202    1361.152
    1952.287    1361.101
    1952.369    1361.231
    1952.453    1361.232
    1952.536    1361.096
    1952.620    1361.174
    1952.705    1361.219
    1952.787    1361.041
    1952.872    1360.921
    1952.953    1361.030
    1953.038    1361.031
    1953.123    1361.140
    1953.200    1361.066
    1953.285    1360.865
    1953.367    1361.042
    1953.452    1360.962
    1953.534    1361.028
    1953.619    1360.930
    1953.704    1361.037
    1953.786    1361.056
    1953.871    1361.048
    1953.953    1361.045
    1954.038    1361.040
    1954.123    1361.029
    1954.200    1360.921
    1954.285    1361.046
    1954.367    1361.024
    1954.452    1361.011
    1954.534    1361.016
    1954.619    1361.048
    1954.704    1361.044
    1954.786    1361.146
    1954.871    1361.086
    1954.953    1361.064
    1955.038    1361.029
    1955.123    1361.112
    1955.200    1361.153
    1955.285    1361.126
    1955.367    1361.082
    1955.452    1361.073
    1955.534    1361.354
    1955.619    1360.990
    1955.704    1361.311
    1955.786    1361.134
    1955.871    1361.175
    1955.953    1361.504
    1956.038    1361.170
    1956.123    1360.632
    1956.202    1361.464
    1956.287    1362.054
    1956.369    1361.210
    1956.453    1361.549
    1956.536    1361.514
    1956.620    1361.412
    1956.705    1362.181
    1956.787    1362.029
    1956.872    1361.461
    1956.953    1361.692
    1957.038    1362.459
    1957.123    1362.375
    1957.200    1362.061
    1957.285    1362.069
    1957.367    1362.151
    1957.452    1361.139
    1957.534    1361.813
    1957.619    1362.297
    1957.704    1361.134
    1957.786    1361.629
    1957.871    1362.861
    1957.953    1361.843
    1958.038    1362.130
    1958.123    1362.093
    1958.200    1360.923
    1958.285    1361.826
    1958.367    1362.150
    1958.452    1362.176
    1958.534    1361.685
    1958.619    1361.967
    1958.704    1362.046
    1958.786    1362.079
    1958.871    1362.222
    1958.953    1361.523
    1959.038    1361.193
    1959.123    1362.087
    1959.200    1361.356
    1959.285    1361.792
    1959.367    1361.796
    1959.452    1361.622
    1959.534    1361.894
    1959.619    1361.146
    1959.704    1361.742
    1959.786    1361.784
    1959.871    1361.465
    1959.953    1361.483
    1960.038    1361.568
    1960.123    1361.706
    1960.202    1361.853
    1960.287    1361.430
    1960.369    1361.480
    1960.453    1361.768
    1960.536    1361.486
    1960.620    1361.503
    1960.705    1361.798
    1960.787    1361.672
    1960.872    1361.422
    1960.953    1361.592
    1961.038    1361.509
    1961.123    1361.445
    1961.200    1361.341
    1961.285    1361.205
    1961.367    1361.308
    1961.452    1361.065
    1961.534    1361.160
    1961.619    1361.531
    1961.704    1361.010
    1961.786    1361.338
    1961.871    1361.204
    1961.953    1361.207
    1962.038    1361.034
    1962.123    1360.923
    1962.200    1361.241
    1962.285    1361.136
    1962.367    1361.116
    1962.452    1361.238
    1962.534    1361.114
    1962.619    1361.089
    1962.704    1360.902
    1962.786    1361.105
    1962.871    1361.072
    1962.953    1361.130
    1963.038    1361.034
    1963.123    1361.120
    1963.200    1361.104
    1963.285    1360.982
    1963.367    1360.993
    1963.452    1361.065
    1963.534    1361.084
    1963.619    1361.028
    1963.704    1360.843
    1963.786    1360.991
    1963.871    1361.169
    1963.953    1361.119
    1964.038    1361.045
    1964.123    1361.071
    1964.202    1361.045
    1964.287    1361.119
    1964.369    1361.049
    1964.453    1361.070
    1964.536    1361.038
    1964.620    1361.046
    1964.705    1361.050
    1964.787    1361.091
    1964.872    1361.075
    1964.953    1361.089
    1965.038    1361.048
    1965.123    1361.065
    1965.200    1361.089
    1965.285    1361.109
    1965.367    1361.085
    1965.452    1361.168
    1965.534    1361.159
    1965.619    1361.174
    1965.704    1361.079
    1965.786    1361.126
    1965.871    1361.088
    1965.953    1361.082
    1966.038    1361.145
    1966.123    1361.193
    1966.200    1361.071
    1966.285    1361.027
    1966.367    1361.432
    1966.452    1361.394
    1966.534    1361.277
    1966.619    1361.482
    1966.704    1361.191
    1966.786    1361.402
    1966.871    1361.449
    1966.953    1361.392
    1967.038    1361.088
    1967.123    1361.472
    1967.200    1361.169
    1967.285    1361.884
    1967.367    1361.155
    1967.452    1361.487
    1967.534    1361.288
    1967.619    1361.322
    1967.704    1361.773
    1967.786    1361.613
    1967.871    1361.425
    1967.953    1361.359
    1968.038    1361.455
    1968.123    1361.634
    1968.202    1361.709
    1968.287    1361.741
    1968.369    1361.301
    1968.453    1361.263
    1968.536    1361.522
    1968.620    1361.374
    1968.705    1361.541
    1968.787    1361.469
    1968.872    1361.630
    1968.953    1361.252
    1969.038    1361.462
    1969.123    1361.685
    1969.200    1361.464
    1969.285    1361.550
    1969.367    1361.816
    1969.452    1361.305
    1969.534    1361.767
    1969.619    1361.519
    1969.704    1361.867
    1969.786    1361.459
    1969.871    1361.339
    1969.953    1361.638
    1970.038    1361.534
    1970.123    1361.196
    1970.200    1361.853
    1970.285    1361.500
    1970.367    1361.349
    1970.452    1361.731
    1970.534    1361.487
    1970.619    1361.523
    1970.704    1361.539
    1970.786    1361.601
    1970.871    1361.551
    1970.953    1361.756
    1971.038    1361.211
    1971.123    1361.275
    1971.200    1361.616
    1971.285    1361.342
    1971.367    1361.338
    1971.452    1361.443
    1971.534    1361.133
    1971.619    1361.105
    1971.704    1361.382
    1971.786    1361.074
    1971.871    1361.240
    1971.953    1361.208
    1972.038    1361.558
    1972.123    1361.219
    1972.202    1361.278
    1972.287    1361.705
    1972.369    1361.114
    1972.453    1361.330
    1972.536    1361.504
    1972.620    1361.346
    1972.705    1361.568
    1972.787    1361.137
    1972.872    1361.323
    1972.953    1361.127
    1973.038    1361.295
    1973.123    1361.291
    1973.200    1361.045
    1973.285    1361.148
    1973.367    1361.296
    1973.452    1361.232
    1973.534    1361.165
    1973.619    1361.168
    1973.704    1360.918
    1973.786    1361.142
    1973.871    1361.100
    1973.953    1361.117
    1974.038    1361.090
    1974.123    1361.049
    1974.200    1361.179
    1974.285    1360.989
    1974.367    1361.203
    1974.452    1361.249
    1974.534    1360.867
    1974.619    1361.104
    1974.704    1360.981
    1974.786    1360.965
    1974.871    1361.163
    1974.953    1361.020
    1975.038    1360.985
    1975.123    1360.974
    1975.200    1361.050
    1975.285    1361.140
    1975.367    1361.125
    1975.452    1361.035
    1975.534    1360.960
    1975.619    1360.763
    1975.704    1361.175
    1975.786    1361.104
    1975.871    1361.085
    1975.953    1361.076
    1976.038    1361.039
    1976.123    1361.051
    1976.202    1360.876
    1976.287    1360.934
    1976.369    1361.093
    1976.453    1361.039
    1976.536    1361.021
    1976.620    1360.977
    1976.705    1361.046
    1976.787    1361.117
    1976.872    1361.046
    1976.953    1360.991
    1977.038    1361.099
    1977.123    1361.210
    1977.200    1361.097
    1977.285    1361.161
    1977.367    1361.255
    1977.452    1361.053
    1977.534    1361.245
    1977.619    1361.281
    1977.704    1361.006
    1977.786    1361.250
    1977.871    1361.646
    1977.953    1361.528
    1978.038    1361.622
    1978.123    1361.148
    1978.200    1361.459
    1978.285    1361.418
    1978.367    1361.591
    1978.452    1361.773
    1978.534    1361.804
    1978.619    1361.902
    1978.704    1361.467
    1978.786    1361.897
    1978.871    1361.635
    1978.953    1361.062
    1979.038    1361.667
    1979.123    1362.088
    1979.200    1362.546
    1979.285    1362.011
    1979.367    1362.128
    1979.452    1361.378
    1979.534    1361.909
    1979.619    1361.881
    1979.704    1361.863
    1979.786    1361.903
    1979.871    1361.821
    1979.953    1362.320
    1980.038    1362.270
    1980.123    1361.993
    1980.202    1362.438
    1980.287    1361.620
    1980.369    1361.778
    1980.453    1362.158
    1980.536    1362.075
    1980.620    1362.075
    1980.705    1361.946
    1980.787    1361.898
    1980.872    1361.345
    1980.953    1362.367
    1981.038    1362.467
    1981.123    1361.925
    1981.200    1362.129
    1981.285    1362.490
    1981.367    1362.079
    1981.452    1361.938
    1981.534    1361.059
    1981.619    1362.515
    1981.704    1362.090
    1981.786    1361.773
    1981.871    1362.113
    1981.953    1361.950
    1982.038    1362.245
    1982.123    1361.092
    1982.200    1361.108
    1982.285    1361.781
    1982.367    1361.724
    1982.452    1360.797
    1982.534    1361.465
    1982.619    1361.546
    1982.704    1361.833
    1982.786    1361.995
    1982.871    1361.765
    1982.953    1361.597
    1983.038    1361.778
    1983.123    1361.605
    1983.200    1361.584
    1983.285    1361.548
    1983.367    1361.437
    1983.452    1361.429
    1983.534    1361.647
    1983.619    1361.820
    1983.704    1361.626
    1983.786    1361.397
    1983.871    1361.497
    1983.953    1361.424
    1984.038    1360.638
    1984.123    1360.901
    1984.202    1361.531
    1984.287    1360.780
    1984.369    1361.056
    1984.453    1361.460
    1984.536    1361.502
    1984.620    1361.358
    1984.705    1361.249
    1984.787    1361.100
    1984.872    1360.960
    1984.953    1361.070
    1985.038    1360.957
    1985.123    1361.026
    1985.200    1360.986
    1985.285    1360.848
    1985.367    1360.953
    1985.452    1361.018
    1985.534    1360.975
    1985.619    1361.110
    1985.704    1360.995
    1985.786    1360.885
    1985.871    1360.950
    1985.953    1360.994
    1986.038    1361.008
    1986.123    1360.881
    1986.200    1361.030
    1986.285    1360.993
    1986.367    1361.070
    1986.452    1360.989
    1986.534    1360.970
    1986.619    1360.917
    1986.704    1360.925
    1986.786    1360.953
    1986.871    1361.050
    1986.953    1361.005
    1987.038    1360.992
    1987.123    1360.985
    1987.200    1360.988
    1987.285    1360.920
    1987.367    1361.066
    1987.452    1361.201
    1987.534    1361.210
    1987.619    1361.101
    1987.704    1361.195
    1987.786    1361.165
    1987.871    1361.337
    1987.953    1361.413
    1988.038    1361.417
    1988.123    1361.489
    1988.202    1361.271
    1988.287    1361.387
    1988.369    1361.710
    1988.453    1361.314
    1988.536    1361.069
    1988.620    1361.458
    1988.705    1361.853
    1988.787    1361.530
    1988.872    1361.620
    1988.953    1361.530
    1989.038    1361.862
    1989.123    1361.981
    1989.200    1361.721
    1989.285    1361.972
    1989.367    1362.189
    1989.452    1361.582
    1989.534    1362.553
    1989.619    1361.839
    1989.704    1361.544
    1989.786    1362.396
    1989.871    1362.207
    1989.953    1362.291
    1990.038    1362.315
    1990.123    1362.033
    1990.200    1362.034
    1990.285    1362.318
    1990.367    1361.906
    1990.452    1362.214
    1990.534    1361.795
    1990.619    1361.389
    1990.704    1362.228
    1990.786    1361.985
    1990.871    1361.090
    1990.953    1361.715
    1991.038    1361.296
    1991.123    1361.643
    1991.200    1362.619
    1991.285    1362.545
    1991.367    1361.766
    1991.452    1361.755
    1991.534    1362.016
    1991.619    1361.944
    1991.704    1362.334
    1991.786    1361.412
    1991.871    1362.026
    1991.953    1361.173
    1992.038    1361.982
    1992.123    1361.834
    1992.202    1362.269
    1992.287    1362.016
    1992.369    1361.847
    1992.453    1361.686
    1992.536    1361.372
    1992.620    1361.324
    1992.705    1361.506
    1992.787    1361.183
    1992.872    1361.374
    1992.953    1361.648
    1993.038    1361.621
    1993.123    1361.062
    1993.200    1361.492
    1993.285    1361.460
    1993.367    1361.432
    1993.452    1361.453
    1993.534    1361.344
    1993.619    1361.346
    1993.704    1361.190
    1993.786    1360.941
    1993.871    1360.978
    1993.953    1361.187
    1994.038    1360.886
    1994.123    1361.285
    1994.200    1361.334
    1994.285    1361.162
    1994.367    1361.083
    1994.452    1361.095
    1994.534    1361.047
    1994.619    1361.050
    1994.704    1360.913
    1994.786    1361.005
    1994.871    1361.131
    1994.953    1361.052
    1995.038    1361.118
    1995.123    1361.204
    1995.200    1361.056
    1995.285    1361.018
    1995.367    1361.024
    1995.452    1361.073
    1995.534    1361.072
    1995.619    1361.114
    1995.704    1361.094
    1995.786    1361.019
    1995.871    1361.072
    1995.953    1361.049
    1996.038    1361.042
    1996.123    1361.022
    1996.202    1360.959
    1996.287    1360.990
    1996.369    1361.009
    1996.453    1361.011
    1996.536    1361.004
    1996.620    1361.025
    1996.705    1361.086
    1996.787    1361.035
    1996.872    1360.900
    1996.953    1361.136
    1997.038    1361.098
    1997.123    1361.099
    1997.200    1361.102
    1997.285    1361.089
    1997.367    1361.123
    1997.452    1361.111
    1997.534    1361.139
    1997.619    1361.194
    1997.704    1361.003
    1997.786    1361.363
    1997.871    1361.236
    1997.953    1361.254
    1998.038    1361.395
    1998.123    1361.295
    1998.200    1361.181
    1998.285    1361.513
    1998.367    1361.421
    1998.452    1361.452
    1998.534    1361.695
    1998.619    1361.505
    1998.704    1361.459
    1998.786    1361.849
    1998.871    1361.703
    1998.953    1361.837
    1999.038    1362.054
    1999.123    1361.761
    1999.200    1361.805
    1999.285    1361.713
    1999.367    1361.887
    1999.452    1361.772
    1999.534    1361.899
    1999.619    1361.944
    1999.704    1362.065
    1999.786    1361.579
    1999.871    1361.721
    1999.953    1361.832
    2000.038    1362.136
    2000.123    1361.955
    2000.202    1361.740
    2000.287    1361.992
    2000.369    1361.629
    2000.453    1361.742
    2000.536    1361.866
    2000.620    1362.389
    2000.705    1361.770
    2000.787    1362.397
    2000.872    1362.253
    2000.953    1362.361
    2001.038    1362.173
    2001.123    1362.201
    2001.200    1361.729
    2001.285    1361.687
    2001.367    1361.948
    2001.452    1361.845
    2001.534    1362.079
    2001.619    1361.776
    2001.704    1361.506
    2001.786    1362.142
    2001.871    1361.786
    2001.953    1362.252
    2002.038    1362.804
    2002.123    1362.629
    2002.200    1362.416
    2002.285    1361.878
    2002.367    1361.926
    2002.452    1361.994
    2002.534    1361.355
    2002.619    1361.545
    2002.704    1361.706
    2002.786    1361.819
    2002.871    1361.724
    2002.953    1362.159
    2003.038    1361.988
    2003.123    1361.946
    2003.200    1361.477
    2003.285    1361.460
    2003.367    1361.426
    2003.452    1361.301
    2003.534    1361.448
    2003.619    1361.522
    2003.704    1361.638
    2003.786    1360.642
    2003.871    1361.406
    2003.953    1361.532
    2004.038    1361.339
    2004.123    1361.339
    2004.202    1361.368
    2004.287    1361.411
    2004.369    1361.242
    2004.453    1361.279
    2004.536    1360.866
    2004.620    1361.048
    2004.705    1361.330
    2004.787    1361.314
    2004.872    1361.228
    2004.953    1361.421
    2005.038    1360.958
    2005.123    1361.140
    2005.200    1361.089
    2005.285    1361.067
    2005.367    1360.997
    2005.452    1360.977
    2005.534    1361.039
    2005.619    1361.125
    2005.704    1360.983
    2005.786    1361.120
    2005.871    1360.963
    2005.953    1361.063
    2006.038    1361.117
    2006.123    1361.084
    2006.200    1361.019
    2006.285    1360.992
    2006.367    1361.187
    2006.452    1361.057
    2006.534    1361.021
    2006.619    1360.884
    2006.704    1361.065
    2006.786    1361.080
    2006.871    1360.865
    2006.953    1360.895
    2007.038    1360.874
    2007.123    1360.931
    2007.200    1361.001
    2007.285    1360.935
    2007.367    1360.907
    2007.452    1360.989
    2007.534    1360.948
    2007.619    1360.997
    2007.704    1360.942
    2007.786    1360.941
    2007.871    1360.931
    2007.953    1360.940
    2008.038    1361.029
    2008.123    1360.976
    2008.202    1360.914
    2008.287    1361.002
    2008.369    1360.985
    2008.453    1360.939
    2008.536    1360.938
    2008.620    1360.926
    2008.705    1360.918
    2008.787    1360.940
    2008.872    1360.934
    2008.953    1360.909
    2009.038    1360.897
    2009.123    1360.923
    2009.200    1360.933
    2009.285    1360.922
    2009.367    1360.981
    2009.452    1360.960
    2009.534    1360.927
    2009.619    1360.926
    2009.704    1360.927
    2009.786    1360.940
    2009.871    1361.018
    2009.953    1361.014
    2010.038    1361.039
    2010.123    1361.146
    2010.200    1361.108
    2010.285    1361.174
    2010.367    1361.147
    2010.452    1361.099
    2010.534    1361.208
    2010.619    1361.160
    2010.704    1361.152
    2010.786    1361.052
    2010.871    1361.161
    2010.953    1361.114
    2011.038    1361.135
    2011.123    1361.164
    2011.200    1361.164
    2011.285    1361.540
    2011.367    1361.525
    2011.452    1361.428
    2011.534    1361.390
    2011.619    1361.329
    2011.704    1361.353
    2011.786    1361.513
    2011.871    1361.637
    2011.953    1361.828
    2012.038    1361.616
    2012.123    1361.592
    2012.202    1361.361
    2012.287    1361.480
    2012.369    1361.398
    2012.453    1361.541
    2012.536    1361.306
    2012.620    1361.674
    2012.705    1361.815
    2012.787    1361.601
    2012.872    1361.583
    2012.953    1361.574
    2013.038    1361.508
    2013.123    1361.555
    2013.200    1361.604
    2013.285    1361.440
    2013.367    1361.681
    2013.452    1361.671
    2013.534    1361.711
    2013.619    1361.776
    2013.704    1361.748
    2013.786    1361.439
    2013.871    1361.442
    2013.953    1361.806
    2014.038    1361.627
    2014.123    1361.357
    2014.200    1362.131
    2014.285    1361.844
    2014.367    1361.733
    2014.452    1361.595
    2014.534    1361.627
    2014.619    1361.843
    2014.704    1361.869
    2014.786    1361.493
    2014.871    1361.911
    2014.953    1361.837
