     326
       2448576.0       2448606.0       2448637.0       2448668.0       2448697.0
       2448728.0       2448758.0       2448789.0       2448819.0       2448850.0
       2448881.0       2448911.0       2448942.0       2448972.0       2449003.0
       2449034.0       2449062.0       2449093.0       2449123.0       2449154.0
       2449184.0       2449215.0       2449246.0       2449276.0       2449307.0
       2449337.0       2449368.0       2449399.0       2449427.0       2449458.0
       2449488.0       2449519.0       2449549.0       2449580.0       2449611.0
       2449641.0       2449672.0       2449702.0       2449733.0       2449764.0
       2449792.0       2449823.0       2449853.0       2449884.0       2449914.0
       2449945.0       2449976.0       2450006.0       2450037.0       2450067.0
       2450098.0       2450129.0       2450158.0       2450189.0       2450219.0
       2450250.0       2450280.0       2450311.0       2450342.0       2450372.0
       2450403.0       2450433.0       2450464.0       2450495.0       2450523.0
       2450554.0       2450584.0       2450615.0       2450645.0       2450676.0
       2450707.0       2450737.0       2450768.0       2450798.0       2450829.0
       2450860.0       2450888.0       2450919.0       2450949.0       2450980.0
       2451010.0       2451041.0       2451072.0       2451102.0       2451133.0
       2451163.0       2451194.0       2451225.0       2451253.0       2451284.0
       2451314.0       2451345.0       2451375.0       2451406.0       2451437.0
       2451467.0       2451498.0       2451528.0       2451559.0       2451590.0
       2451619.0       2451650.0       2451680.0       2451711.0       2451741.0
       2451772.0       2451803.0       2451833.0       2451864.0       2451894.0
       2451925.0       2451956.0       2451984.0       2452015.0       2452045.0
       2452076.0       2452106.0       2452137.0       2452168.0       2452198.0
       2452229.0       2452259.0       2452290.0       2452321.0       2452349.0
       2452380.0       2452410.0       2452441.0       2452471.0       2452502.0
       2452533.0       2452563.0       2452594.0       2452624.0       2452655.0
       2452686.0       2452714.0       2452745.0       2452775.0       2452806.0
       2452836.0       2452867.0       2452898.0       2452928.0       2452959.0
       2452989.0       2453020.0       2453051.0       2453080.0       2453111.0
       2453141.0       2453172.0       2453202.0       2453233.0       2453264.0
       2453294.0       2453325.0       2453355.0       2453386.0       2453417.0
       2453445.0       2453476.0       2453506.0       2453537.0       2453567.0
       2453598.0       2453629.0       2453659.0       2453690.0       2453720.0
       2453751.0       2453782.0       2453810.0       2453841.0       2453871.0
       2453902.0       2453932.0       2453963.0       2453994.0       2454024.0
       2454055.0       2454085.0       2454116.0       2454147.0       2454175.0
       2454206.0       2454236.0       2454267.0       2454297.0       2454328.0
       2454359.0       2454389.0       2454420.0       2454450.0       2454481.0
       2454512.0       2454541.0       2454572.0       2454602.0       2454633.0
       2454663.0       2454694.0       2454725.0       2454755.0       2454786.0
       2454816.0       2454847.0       2454878.0       2454906.0       2454937.0
       2454967.0       2454998.0       2455028.0       2455059.0       2455090.0
       2455120.0       2455151.0       2455181.0       2455212.0       2455243.0
       2455271.0       2455302.0       2455332.0       2455363.0       2455393.0
       2455424.0       2455455.0       2455485.0       2455516.0       2455546.0
       2455577.0       2455608.0       2455636.0       2455667.0       2455697.0
       2455728.0       2455758.0       2455789.0       2455820.0       2455850.0
       2455881.0       2455911.0       2455942.0       2455973.0       2456002.0
       2456033.0       2456063.0       2456094.0       2456124.0       2456155.0
       2456186.0       2456216.0       2456247.0       2456277.0       2456308.0
       2456339.0       2456367.0       2456398.0       2456428.0       2456459.0
       2456489.0       2456520.0       2456551.0       2456581.0       2456612.0
       2456642.0       2456673.0       2456704.0       2456732.0       2456763.0
       2456793.0       2456824.0       2456854.0       2456885.0       2456916.0
       2456946.0       2456977.0       2457007.0       2457038.0       2457069.0
       2457097.0       2457128.0       2457158.0       2457189.0       2457219.0
       2457250.0       2457281.0       2457311.0       2457342.0       2457372.0
       2457403.0       2457434.0       2457463.0       2457494.0       2457524.0
       2457555.0       2457585.0       2457616.0       2457647.0       2457677.0
       2457708.0       2457738.0       2457769.0       2457800.0       2457828.0
       2457859.0       2457889.0       2457920.0       2457950.0       2457981.0
       2458012.0       2458042.0       2458073.0       2458103.0       2458134.0
       2458165.0       2458193.0       2458224.0       2458254.0       2458285.0
       2458315.0       2458346.0       2458377.0       2458407.0       2458438.0
       2458468.0
  1.00000e+36  1.00000e+36  1.00000e+36  1.00000e+36  1.00000e+36  1.00000e+36
  1.00000e+36  1.00000e+36     0.691183     0.245433     0.415561     0.125836
     0.104173     0.353122     0.407363     0.331020     0.474428     0.223889
     0.448728     0.408495     0.431266     0.325454     0.245022     0.183326
     0.316871     0.138360     0.126545     0.240390     0.353659     0.361392
     0.392213     0.337465     0.342091     0.249028     0.277714     0.188896
     0.240906     0.219438   -0.0676220    0.0399457    0.0603805     0.117713
     0.103657   -0.0525234     0.166308     0.209696     0.160535     0.324394
     0.453077     0.342661     0.466854     0.625784     0.389859     0.447232
     0.397575     0.479771     0.387589     0.308634     0.201947     0.130454
     0.215825    0.0925788     0.133493     0.162420     0.160307     0.155625
    0.0618290    0.0505486  -0.00914925    0.0132116     0.123217     0.254273
    0.0127184     0.425264     0.580133     0.292783     0.337577     0.549539
     0.387144     0.513031     0.495347     0.489578     0.404413     0.527085
     0.485879     0.337000     0.467903     0.270961     0.116545    0.0690547
     0.129306     0.160781    0.0598480     0.150709     0.107519     0.256637
     0.384293     0.315236     0.267527     0.461897     0.537133     0.453466
     0.436658     0.522839     0.473621     0.379046     0.368738     0.390010
     0.454912    -0.178045     0.111586   -0.0706437    -0.112834    -0.183290
    -0.211079    -0.120939    0.0162628   -0.0250626   -0.0236923    -0.147266
    0.0899635    -0.131650    -0.143092    -0.288375    -0.242015    -0.184542
    0.0438875   -0.0783421    -0.106049    -0.163818    -0.145330   -0.0650523
    -0.169190    -0.126400   -0.0200448    0.0265622   0.00544378    0.0845839
    0.0587704   -0.0518008    0.0434838   -0.0750401   0.00293410    0.0727472
   -0.0212627    0.0110173    -0.255985    -0.230948    -0.256925    -0.184884
    -0.369948    -0.293252    -0.350891    -0.440497    -0.228927    -0.206963
    -0.138602   -0.0911697  -0.00958490   0.00198284  -0.00551216   -0.0130451
   -0.0569615   -0.0696205  -0.00345901   -0.0215629   -0.0251551   -0.0616415
    -0.278122    -0.390542    -0.379209    -0.389927    -0.417695    -0.393751
    -0.384539    -0.395351    -0.416836    -0.337171    -0.216268    -0.115138
    0.0988743     0.193481     0.119852     0.119002     0.154265     0.137854
     0.172558     0.196030     0.151353    0.0897931     0.111762    0.0251538
   -0.0407388   -0.0703585    -0.124157    -0.172977    -0.197944    -0.274070
    -0.346195    -0.322152    -0.312793    -0.231095   -0.0554450     0.104384
     0.115889   -0.0686953   -0.0638188    -0.111935    -0.178063    -0.139832
   -0.0371854   -0.0373982    0.0119147    0.0262983     0.128041    0.0783146
    0.0542253    -0.116438   -0.0324544   0.00944652    0.0540429    0.0978016
     0.103201     0.141288     0.179344     0.124141     0.121163    0.0117865
     0.139053     0.198986     0.292732     0.470032     0.491497     0.339116
     0.160482    0.0890728     0.118886     0.125473     0.210239     0.211891
     0.354893     0.250281    0.0317330   -0.0683466    -0.154060    -0.282412
    -0.199717    -0.208816    -0.135453    -0.143650   -0.0803128    -0.201056
    -0.391381    -0.348514    -0.396387    -0.306758    -0.374164    -0.402637
    -0.364065    -0.351928    -0.346188    -0.302373    -0.211918    -0.258163
    -0.130132   -0.0183802    0.0755398     0.197119     0.133619    0.0873799
    0.0937778     0.148175     0.169714     0.143120     0.220691     0.144316
     0.139103    0.0120643   -0.0624526    0.0585762    0.0167844    0.0252292
   0.00425379   -0.0734748    -0.129437   -0.0949557    0.0551408     0.138573
     0.418923     0.528362     0.403545     0.441743     0.226775     0.176629
     0.190536     0.130581     0.103111    0.0525718   -0.0142373    -0.235046
    -0.443383    -0.419245    -0.222998   -0.0527980    0.0586914     0.173653
     0.306202     0.367070     0.444467     0.455399     0.465136     0.281570
     0.141348    0.0175198     0.115671   -0.0165971   -0.0596704   -0.0318289
    0.0692329    0.0982644     0.148207     0.129253     0.237042    0.0967607
    -0.196133    -0.278342
